0,0|0,0|1e+36
-5499162323360152.0,-95988235405057.56|1922.5147377123778,-110140.79555811366|1.989e+30
-2669756081437326.0,1939691332565161.8|-83590.59554706022,-115052.58443239181|1.989e+30
-3477507043554535.0,8192493195726719.0|-79712.56487140582,-33835.97632338617|1.989e+30
502246610957701.56,-7182461161870735.0|96044.00146195559,6716.0508285323995|1.989e+30
9794030104787138.0,342015067684509.5|-2880.0619538680867,82474.18358145533|1.989e+30
-5739159353583026.0,-3051565158108288.0|47571.661140802615,-89469.28210799524|1.989e+30
389981898896472.56,-3176147685252230.5|143341.32833044927,17600.10205829332|1.989e+30
-2414814565722671.0,-647047612756300.9|42288.46587688778,-157822.7032266882|1.989e+30
4167950222753984.0,4316038802031906.5|-75867.21971616062,73264.12245571824|1.989e+30
8606742803667318.0,-2631345342504634.5|25177.336786194694,82351.35795358187|1.989e+30
-1.7267519867977679,-9400000000000000.0|84262.0027437218,-1.5478678792476658e-11|1.989e+30
9314838972249566.0,-2322450197756811.5|20171.363900084503,80902.9217338721|1.989e+30
8226011607714057.0,-2832442943777263.5|28515.30330788168,82814.45404697534|1.989e+30
-3947870577517265.0,-4384554470316624.5|79039.31292870558,-71167.3170195291|1.989e+30
-9749596754820860.0,1719116958902613.8|-14257.662718501173,-80859.22336567676|1.989e+30
-4899253706266317.0,-85516791542687.64|2036.82155560595,-116689.42876937074|1.989e+30
-9272887932375056.0,-2484662832984195.5|21580.242375723552,-80538.56098585132|1.989e+30
1600000000000000.2,2771281292110203.5|-125069.48068973502,72208.89834362523|1.989e+30
150067835820754.66,4297380556182112.0|-124507.8790658894,4347.91094476634|1.989e+30
3430345631966676.0,4552222407269569.0|-86418.53360607196,65121.036002799956|1.989e+30
-564453701645328.0,5370418234988676.0|-110563.85510069416,-11620.729438383507|1.989e+30
5558258449191403.0,682468323068825.9|-13304.426598742879,108355.85924572173|1.989e+30
2577413589666833.0,1094047159769966.4|-60324.634610328714,142115.93316419635|1.989e+30
3252691193458119.0,3252691193458118.5|-85172.9697885937,85172.9697885937|1.989e+30
-2967547879705948.0,-4749069338475985.0|92581.06536282734,-57851.07031234503|1.989e+30
5140032949841257.0,-3466996001518633.5|58017.8339309918,86014.97606374242|1.989e+30
383485268089694.7,-4383256671603680.5|122691.25018916996,10734.093505375216|1.989e+30
-3199743493625828.5,-5772490067120010.0|87951.44822413317,-48752.283839016665|1.989e+30
8552888300167150.0,-898944784101827.0|9208.33358957074,87611.441787235|1.989e+30
2333452377915607.0,2333452377915606.5|-100559.64610241239,100559.6461024124|1.989e+30
3819190816349992.0,-4095580729067354.0|79841.58582493987,74453.48328291134|1.989e+30
4935003665687179.0,-3585490038984087.5|61482.21026311389,84623.00263675716|1.989e+30
2626644452187051.5,-8083980388508806.0|84273.79797184172,27382.21683740411|1.989e+30
5792051301576528.0,303548546209074.2|-5614.122322208451,107123.83541168558|1.989e+30
-8156770083329850.0,-3803564355666293.5|36393.4065299934,-78045.91216448865|1.989e+30
-7900000000000000.0,0.967470971326409|-1.1256231337683193e-11,-91914.10409532135|1.989e+30
-7167266275867872.0,-6683583928612484.0|56281.543145453776,-60354.5658210888|1.989e+30
-6007327293374469.0,1059253883768277.2|-18163.56182718997,-103010.67797004449|1.989e+30
-5886166765140796.0,3970269614642303.0|-54216.08842748222,-80378.6565680204|1.989e+30
-3025659441917814.0,1041818094262901.1|-47017.835538236985,-136549.70941492077|1.989e+30
2593666530675543.0,-181366831734726.66|11176.184137336671,159826.87937160887|1.989e+30
4588611490808369.0,6553216354311934.0|-74819.57380160865,52389.229581524094|1.989e+30
-564453701645332.9,-5370418234988676.0|110563.85510069416,-11620.729438383607|1.989e+30
5246877664678910.0,-2227167432388861.2|42280.12745925757,99605.73830222173|1.989e+30
6877098657152477.0,-4466040087123221.0|49135.74468345794,75662.41170899557|1.989e+30
-2894479876755093.0,9467417084034052.0|-78518.93898231279,-24005.648722473452|1.989e+30
6054531525012064.0,-743402994771403.5|12747.506962176461,103820.11279298259|1.989e+30
2735117899424914.5,-6443533974167083.0|89882.00811982414,38152.64887721252|1.989e+30
6598994788032182.0,-115185882486071.5|1755.0078149686992,100544.33038123943|1.989e+30
-2112622032536507.5,3973264167865172.0|-107528.69473977655,-57174.02116738719|1.989e+30
7583839986877880.0,-6363597335896742.0|52777.109795650715,62897.31020570576|1.989e+30
8269295062915994.0,3009777261265884.5|-29785.579403124335,81835.2068354568|1.989e+30
8567827451206210.0,1510739145702294.0|-15209.197789291327,86255.64691337777|1.989e+30
3172077254628275.0,-1479163916092447.2|58359.28215977863,125151.88446761537|1.989e+30
6557479942316813.0,-7282819289678461.0|61327.621894272284,55219.63878077156|1.989e+30
7942356035034262.0,-2734772497440116.5|29020.038126066665,84280.3103962899|1.989e+30
4475348529157230.0,470378084704440.56|-12729.871296133988,121116.6349667656|1.989e+30
-3632020578756356.5,705993282893216.4|-25626.759133102965,-131838.24661450856|1.989e+30
-3209533994354170.0,3963444403430552.0|-88902.34374296964,-71991.69847667083|1.989e+30
-6168102051462372.0,-5553784032778523.0|60002.25233661349,-66639.25236298212|1.989e+30
-484946841624716.2,-3061833855844926.5|144922.1552680631,-22953.41445275775|1.989e+30
5908846518073248.0,1041889066001582.0|-18314.29936473102,103865.55302623521|1.989e+30
-3000000000000000.0,0.367394039744206|-1.8266104100462376e-11,-149154.05905751724|1.989e+30
-2180543476658102.5,-1416061491039070.5|87260.51959044013,-134369.4168415748|1.989e+30
7112901472932216.0,-1642142696710217.0|21509.103384566843,93166.1623877348|1.989e+30
-94242994761330.78,5399177553844513.0|-111155.93955736741,-1940.2341421308738|1.989e+30
1869928154690133.8,-9619946397787108.0|81008.2485724703,15746.408400221871|1.989e+30
-3341791964306242.0,3583633137933936.0|-85354.24553532343,-79594.12162758723|1.989e+30
-4891321678074747.0,-3299238130477405.5|59474.575304407175,-88174.68396518585|1.989e+30
225044611844655.16,-4294106999444668.0|124413.0344038791,6520.21084697181|1.989e+30
7505054539300878.0,-3990508283680072.0|41600.21087901839,78238.61756415827|1.989e+30
6382887104214448.0,-4986857950137831.0|55884.98945429155,71529.52461721895|1.989e+30
-3506969174312620.0,7190352370393335.0|-82093.90179560184,-40039.87122824052|1.989e+30
-2165063509461096.5,-1250000000000000.2|81695.04268925994,-141499.96466430655|1.989e+30
-719598539185062.8,-4543366366737633.0|118969.79555604402,-18842.96448466856|1.989e+30
6535769253694364.0,918542466336431.9|-13995.197779519496,99581.00653917174|1.989e+30
1580128850214971.8,-7433921765576922.0|91662.83852113786,19483.53778896753|1.989e+30
1290124618363080.5,3360889535389926.5|-127114.82132757732,48794.808227609734|1.989e+30
-5988740122992223.0,1604678079635630.2|-26853.20268503992,-100217.51676651387|1.989e+30
-4259590630302758.0,2982597469025439.0|-64980.84186477447,-92802.25978560225|1.989e+30
-8313843876330611.0,-4800000000000001.0|41689.82689657835,-72208.89834362522|1.989e+30
-5933385732543736.0,6362777204086784.0|-64056.54957803019,-59733.6988474382|1.989e+30
-5799116631907069.0,-101223957336242.52|1872.1344098688583,-107254.50850901329|1.989e+30
1507391063474699.5,-7754854749236546.0|90225.3831222057,17538.037863363377|1.989e+30
2912461179749811.0,2116026908252903.2|-80031.90213025168,110154.4631529968|1.989e+30
-3604268994871565.0,-2523736319944601.5|70641.62275683747,-100886.69273320591|1.989e+30
-9112998049179160.0,-3868238172043808.0|32081.60729624706,-75579.53044829225|1.989e+30
2555633632151337.0,-1925808074086554.5|86912.79965690542,115337.18071722849|1.989e+30
-8652745622452940.0,-3672872607799171.5|32923.78742082068,-77563.58248721877|1.989e+30
-3594617631099178.0,-5535225748439799.0|84336.41550910106,-54768.70861467051|1.989e+30
1650000000000000.2,2857883832488647.5|-123159.91083288277,71106.4076727352|1.989e+30
-7305172037695526.0,5915611675868471.0|-53027.79651732149,-65483.87513655961|1.989e+30
-1227439211009417.0,2516623329637667.5|-138764.0207796358,-67679.73505465875|1.989e+30
4312909747525693.0,-8464561979789495.0|74681.80147737026,38052.27846681076|1.989e+30
6441704942830690.0,-2472738851862575.5|35245.22768782391,91816.95723219312|1.989e+30
-408220458694961.94,7789310371085676.0|-92374.650658371,-4841.150303051945|1.989e+30
-3567095162291492.5,-3211826910522519.5|78901.63096298705,-87629.13878792795|1.989e+30
2728236181398658.5,629862952162821.9|-34729.99505048233,150432.13567517235|1.989e+30
-3000792784274993.0,3217956287124350.5|-90073.45667871581,-83994.85721346959|1.989e+30
1023300966529578.5,-3347066645870624.0|132055.95719909345,40373.55778515453|1.989e+30
