0,0|0,0|1e+36
-8739141373308947.0,3180787332928720.5|-56056.7594709338,-154014.6808541896|1.989e+30
-5123126063905253.0,-2498715536697739.5|71848.59258758296,-147311.4453943872|1.989e+30
584972848344708.0,4764221527878346.0|-162677.32170786106,19974.26351476027|1.989e+30
-4705788684431239.0,5046340541172277.0|-119868.14034168044,-111778.84921588341|1.989e+30
-1308227149024618.8,-9308519846170760.0|162303.94619867462,-22810.332074253827|1.989e+30
688530367706501.0,7869938114924790.0|-163275.314822539,14284.739080598456|1.989e+30
-514940473552241.0,3663991854343810.5|-162303.94619867465,-22810.332074253714|1.989e+30
1023300966529578.8,3347066645870624.0|-156737.39319758557,47919.43003235184|1.989e+30
-2944881550342992.0,-572426986129634.1|31273.403533220302,-160887.71373988868|1.989e+30
-5432285873273257.0,860389557721270.4|-25639.452385628818,-161881.13133520246|1.989e+30
2066685130509499.0,3307387575010061.0|-138994.23491194207,86853.23748855805|1.989e+30
-7113336549943560.0,2039716433045794.2|-45176.686981050356,-157549.83070259454|1.989e+30
5270966045451848.0,554000855318563.3|-17132.110601105138,163001.14412896463|1.989e+30
-252751653968208.88,2888964624466062.0|-163275.314822539,-14284.739080598438|1.989e+30
488072159386886.8,5578690309313775.0|-163275.314822539,14284.739080598458|1.989e+30
361850062496170.2,2574696978728083.0|-162303.94619867465,22810.33207425377|1.989e+30
-3963444403430551.5,3209533994354170.5|-103144.9827726773,-127373.44593683607|1.989e+30
6321391171176876.0,6545992183081725.0|-117899.07393570457,113853.81225985922|1.989e+30
-4294469961887128.0,-1648492567908382.0|58736.148562525195,-153012.89832246487|1.989e+30
6689860143149456.0,6460322845268674.0|-113853.81225985919,117899.0739357046|1.989e+30
6675723752880869.0,2697167472594566.5|-61397.64605427457,151964.50657964192|1.989e+30
-377794964555958.94,-3076893070088098.0|162677.32170786103,-19974.263514760358|1.989e+30
-7521729481398802.0,-4169362734118501.0|79459.81194875445,-143349.2953804398|1.989e+30
-132638288923354.42,7598842483188574.0|-163874.03738843737,-2860.4319626643246|1.989e+30
-9208987683701902.0,3351797404591555.0|-56056.7594709338,-154014.6808541896|1.989e+30
4583838866699484.0,7628788976248799.0|-140488.8634177755,84414.225439683|1.989e+30
-6582183314572535.0,-6137985240562485.0|111778.84921588341,-119868.14034168044|1.989e+30
-2784661307031165.0,-292679697149429.8|17132.110601105145,-163001.14412896463|1.989e+30
-6716915263982670.0,-5838925358015516.0|107527.41879251516,-123696.14548893209|1.989e+30
-3526711513754839.5,-4854101966249684.0|132597.0763610595,-96337.41506548408|1.989e+30
-2733491241286873.5,2639701807744190.5|-113853.81225985923,-117899.07393570455|1.989e+30
1812704569280968.0,5929089486970820.0|-156737.39319758554,47919.43003235183|1.989e+30
3461262150774106.5,4274302788013339.5|-127373.44593683605,103144.98277267732|1.989e+30
2370834576876743.0,9508898117504766.0|-159030.49924090956,39650.75676688993|1.989e+30
-752604935527110.5,-7160557646651568.0|163001.14412896463,-17132.11060110526|1.989e+30
-1899999999999999.2,3290896534380867.0|-141940.6976548657,-81949.49999999996|1.989e+30
-4168716099229271.5,3887390652356242.0|-111778.84921588346,-119868.14034168042|1.989e+30
59338181886762.64,-3399482163531730.5|163874.03738843737,2860.4319626642678|1.989e+30
4153481053042993.5,1112921893940839.1|-42420.182673258045,158314.277002952|1.989e+30
2557927281399282.5,1138862600612240.5|-66663.72906348057,149729.18696216465|1.989e+30
2650000000000000.5,-4589934640057525.0|141940.6976548657,81949.50000000001|1.989e+30
-1161280439589327.5,2874269949157041.0|-151964.50657964186,-61397.64605427456|1.989e+30
5209102213209049.0,-4370955745868469.0|105352.24644001415,125553.91818275733|1.989e+30
1060262444309573.9,-2913047124436316.0|154014.68085418956,56056.759470933815|1.989e+30
-7336107005503543.0,1559337681133194.8|-34076.51821333993,-160317.41361267|1.989e+30
7132923872213651.0,2317627457812105.5|-50647.5763610595,155877.21196425936|1.989e+30
681948194704320.8,-4852313536833695.0|162303.94619867462,22810.332074253765|1.989e+30
-2007517527228662.2,-2867032155011470.5|134258.20090692144,-94008.60434150016|1.989e+30
3043380852144491.5,988854381999831.6|-50647.5763610595,155877.2119642594|1.989e+30
2624236115962029.5,3018838320891087.5|-123696.14548893209,107527.41879251516|1.989e+30
-1330570425798172.8,-5336626494517981.0|159030.49924090956,-39650.75676688995|1.989e+30
-6357222668584274.0,3380195252058413.0|-76945.9196690447,-144714.22752198527|1.989e+30
9325458242752808.0,-1812685456077174.2|31273.403533220295,160887.71373988868|1.989e+30
5350857917316862.0,4032160655118723.5|-98636.88047959756,130895.56146124125|1.989e+30
3774069899155005.5,1601997626806022.2|-64040.44122826347,150869.82497600152|1.989e+30
2496947748567507.5,4900535883036023.0|-146035.0783079493,74408.58891681198|1.989e+30
1957175162147614.5,-2901631503942645.5|135878.42910419876,91651.15768595197|1.989e+30
7094270054094056.0,-6166954872510769.0|107527.41879251516,123696.14548893209|1.989e+30
4176712597603830.5,8197260022532984.0|-146035.0783079493,74408.58891681198|1.989e+30
-4176991960546748.0,-439019545724144.7|17132.11060110514,-163001.14412896463|1.989e+30
3654446860202009.5,-578807520648855.1|25639.45238562884,161881.13133520246|1.989e+30
-2661557261253009.0,-2570235970698290.5|113853.81225985923,-117899.07393570457|1.989e+30
3697746059970654.5,-129128137799253.05|5719.992610043181,163799.15715760275|1.989e+30
71554866392860.83,-4099375550141204.0|163874.03738843737,2860.4319626642678|1.989e+30
-2232662582117692.2,7786219737100383.0|-157549.83070259454,-45176.68698105033|1.989e+30
-7940369213130576.0,974954747241180.4|-19974.263514760278,-162677.32170786103|1.989e+30
8553662632208332.0,4358308797499649.0|-74408.58891681198,146035.0783079493|1.989e+30
2772750592476396.5,-389684682688184.5|22810.332074253838,162303.94619867462|1.989e+30
-3870748271043992.5,4452786523314355.5|-123696.14548893213,-107527.41879251513|1.989e+30
-2987573328164014.5,-2506871677777503.0|105352.2464400141,-125553.91818275739|1.989e+30
2278652836202780.0,-3646606813472632.5|138994.2349119421,86853.237488558|1.989e+30
289665822630758.94,8294943864258495.0|-163799.15715760278,5719.992610043225|1.989e+30
-5066724336883223.0,1169745482588099.0|-36869.252855905164,-159698.27924823528|1.989e+30
-5056554187492572.0,-4395595494236399.5|107527.41879251516,-123696.14548893209|1.989e+30
2645033635316128.0,-3640576474687264.0|132597.07636105953,96337.41506548402|1.989e+30
742152089200342.5,-7061105457114740.0|163001.14412896463,17132.110601105203|1.989e+30
-9776127692546278.0,-683613442692423.4|11433.016290188316,-163499.75027353494|1.989e+30
2048827959377477.0,1600719835846711.5|-100906.30014440007,129154.17450538812|1.989e+30
4938441702975688.0,-782172325201155.6|25639.45238562884,161881.13133520246|1.989e+30
-3672872607799172.0,8652745622452940.0|-150869.82497600152,-64040.44122826345|1.989e+30
-1112840719758471.9,-4463360340869584.0|159030.49924090956,-39650.75676688995|1.989e+30
-165797861154193.03,9498553103985718.0|-163874.03738843734,-2860.431962664324|1.989e+30
7095674871835580.0,247786426587756.88|-5719.992610043205,163799.15715760275|1.989e+30
2124092236558606.0,3270815214987153.5|-137457.26741568703,89265.79319992794|1.989e+30
-3312858220269799.5,764833584769141.6|-36869.25285590516,-159698.27924823525|1.989e+30
-2490486745229364.0,217889356869145.47|-14284.73908059843,-163275.314822539|1.989e+30
2052120859954013.0,5638155724715450.0|-154014.6808541896,56056.75947093379|1.989e+30
-2787658918221125.0,799348331869297.8|-45176.68698105035,-157549.8307025945|1.989e+30
3965793176807417.0,-6600188215406265.0|140488.8634177755,84414.22543968295|1.989e+30
-2260226317699392.0,7882345906694215.0|-157549.83070259454,-45176.68698105032|1.989e+30
-8088899231512048.0,-423921245567842.8|8577.810892262207,-163674.38211673993|1.989e+30
-766970536179392.6,-8766513343207361.0|163275.314822539,-14284.73908059844|1.989e+30
8417278584303347.0,-1182971358160560.0|22810.332074253838,162303.94619867462|1.989e+30
7244443697168012.0,1941142838268905.5|-42420.182673258045,158314.277002952|1.989e+30
5821937767704233.0,4885185833617698.0|-105352.2464400141,125553.91818275739|1.989e+30
-1708205697676637.5,6375110453507851.0|-158314.277002952,-42420.18267325807|1.989e+30
6186322282912400.0,5974061985947376.0|-113853.81225985919,117899.0739357046|1.989e+30
5802370205355737.0,-3350000000000003.0|81949.50000000007,141940.69765486565|1.989e+30
2685209117494338.0,282226850822664.3|-17132.11060110513,163001.14412896463|1.989e+30
331191822441100.0,-3785539852748633.0|163275.314822539,14284.73908059838|1.989e+30
