5.314399999999999e+27
1.9929e+28
9.1104e+27
8.806719999999999e+27
3.1886399999999996e+27
1.95494e+28
1.5184e+28
3.77702e+27
1.63228e+27
4.6501e+28
2.63822e+28
1.4235e+28
7.592e+27
3.6061999999999997e+27
3.97631e+28
2.3724999999999997e+28
1.875224e+28
1.34758e+28
7.36424e+27
4.8019399999999994e+27
1.02492e+27
3.11272e+27
3.796e+27
8.95856e+26
1.5764788e+27
3.253172e+26
7.360444e+27
4.824716000000001e+25
2.6761799999999996e+26
4.1945799999999996e+27
3.0368e+25
1.08186e+26
1.3665599999999998e+26
4.6690799999999997e+27
1.40452e+28
5.694e+27
2.847e+27
1.00594e+28
6.0736e+27
2.5623e+28
1.21472e+28
2.79006e+27
2.0137779999999999e+27
2.10678e+27
1.209026e+28
4.065516e+28
2.366806e+28
7.9716e+27
9.734842e+25
1.72718e+27
3.0368e+27
5.1245999999999996e+25
3.2266000000000004e+26
8.541e+25
6.2634e+26
8.69284e+26
1.0059400000000001e+27
2.01188e+28
9.679799999999999e+27
1.9929e+28
2.3855962e+28
3.2265999999999997e+28
1.95494e+27
5.2195e+27
4.42234e+27
1.740466e+27
2.482584e+27
1.4424799999999999e+28
1.01543e+27
4.6121400000000003e+27
6.58606e+27
2.10678e+27
6.58606e+27
8.047520000000001e+27
7.2123999999999995e+25
5.314399999999999e+27
3.4163999999999996e+25
1.67024e+26
5.1246e+26
9.8696e+26
1.9720220000000001e+28
9.18632e+26
1.6132999999999999e+27
4.111068e+28
1.36656e+27
8.863660000000001e+26
5.618079999999999e+27
3.4163999999999996e+25
5.016413999999999e+25
4.1756e+26
1.5943199999999998e+27
2.847e+26
5.4093e+28
2.0878e+28
1.14829e+28
3.0368e+28
9.73674e+24
3.7390599999999997e+25
3.2266000000000002e+25
6.329829999999999e+25
4.061719999999999e+25
1.7556499999999998e+26
1.55636e+27
1.7252820000000002e+25
7.04158e+24
6.39626e+27
1.06288e+25
2.49587e+25
6.270992e+25
4.745e+27
4.3653999999999995e+27
1.4056588e+26
1.2595128e+26
4.538118e+25
1.9587359999999997e+25
1.207128e+25
1.379846e+25
3.94784e+25
8.161399999999998e+25
4.9348e+25
1.474746e+25
3.7390599999999997e+25
3.4163999999999996e+25
1.3286e+26
7.592e+27
3.200028e+25
9.43306e+25
3.2835399999999997e+25
1.00594e+25
1.683526e+25
6.22544e+26
3.4163999999999996e+25
2.2776e+25
1.5184e+25
1.5184e+25
2.6572e+25
6.643e+25
1.27166e+28
1.2906399999999999e+28
2.6572e+25
4.745e+25
1.10084e+26
1.2906400000000002e+27
3.2266000000000002e+25
1.72718e+27
7.42118e+27
4.3190887999999995e+27
1.3555515999999998e+27
3.9858e+25
8.7308e+25
3.796e+28
3.0368e+28
2.14474e+28
9.9645e+26
1.53738e+26
4.00478e+26
1.6151979999999998e+27
2.7103439999999998e+28
4.2363360000000003e+27
3.693508e+27
7.958313999999999e+27
1.013532e+27
6.453199999999999e+27
3.73906e+26
5.542159999999999e+26
1.725282e+28
1.3752908000000001e+28
7.711574e+27
4.075006e+27
3.9288599999999996e+27
1.30013e+27
1.0761659999999999e+27
1.11982e+26
1.17676e+27
1.188148e+27
1.476644e+27
1.121718e+27
1.3494779999999998e+27
4.1205579999999993e+27
1.446276e+27
6.316544e+27
2.000492e+27
3.477136e+27
2.218762e+27
5.06766e+26
1.136902e+27
1.273558e+27
1.1672699999999999e+27
1.5184e+27
1.981512e+27
1.256476e+27
6.68096e+26
7.592e+27
1.693016e+27
9.35714e+26
3.2835399999999997e+27
2.0118800000000002e+27
2.5623e+27
5.86482e+26
1.552564e+27
2.816632e+27
1.44248e+27
1.1046359999999999e+27
4.13764e+27
3.5113e+27
2.006186e+27
1.000246e+27
1.486134e+27
6.453200000000001e+26
3.192436e+27
2.88496e+27
1.48044e+27
3.52079e+27
9.98348e+26
1.6132999999999999e+27
4.5172399999999996e+27
1.0306140000000001e+27
2.032758e+27
4.11866e+27
6.20646e+27
2.539524e+27
3.75804e+27
2.55281e+27
5.20052e+27
2.79006e+27
4.6311199999999995e+27
1.163474e+27
1.2337e+27
1.0059400000000001e+27
1.275456e+27
1.2393940000000001e+27
2.032758e+27
1.339988e+27
1.67024e+27
1.7461600000000001e+27
2.2624159999999998e+27
1.7860179999999997e+27
2.319356e+27
2.511054e+27
4.49826e+26
6.05462e+26
2.61924e+26
1.5886259999999998e+27
3.2265999999999997e+27
2.2016799999999998e+27
7.89568e+25
7.17444e+25
1.52789e+26
1.370356e+26
1.389336e+26
3.921268e+26
5.694e+26
3.264559999999999e+26
8.541e+26
1.1198200000000001e+28
1.1198200000000001e+28
9.49e+25
1.82208e+27
1.86004e+26
1.17676e+27
6.96566e+26
3.53028e+26
3.9858e+27
1.57534e+28
1.3134159999999999e+28
2.0878e+28
1.7841199999999997e+27
1.8239779999999999e+28
2.0878e+28
1.178658e+28
3.9857999999999995e+26
4.95378e+26
6.643e+27
4.9348e+27
2.44842e+27
1.87902e+27
1.46146e+27
1.0249199999999999e+26
1.4424799999999999e+26
5.3144e+26
2.104882e+28
1.2906399999999999e+28
8.55998e+27
5.37134e+27
6.8328e+26
1.76514e+27
2.35352e+27
9.1104e+26
1.8030999999999998e+27
2.084004e+28
2.0878000000000002e+27
7.99058e+27
6.8328e+26
3.9858e+27
3.5682399999999995e+27
1.2337e+28
3.3784399999999995e+26
4.0427399999999996e+27
1.1805559999999999e+27
1.4956239999999999e+26
1.241292e+28
8.541e+27
2.3155599999999998e+27
5.65604e+27
7.7818e+25
5.694e+27
1.10084e+26
1.36656e+28
5.504199999999999e+27
4.1300480000000003e+27
3.4391760000000003e+27
7.2124e+26
3.3575619999999995e+27
7.191522000000001e+27
1.68922e+27
3.0368e+27
2.1826999999999998e+27
4.1756000000000004e+27
3.4448699999999995e+28
2.6572e+28
1.064778e+28
2.82802e+27
2.6951599999999997e+27
7.971599999999999e+26
4.745e+27
3.01782e+27
1.55636e+27
3.796e+27
4.23254e+26
1.6417699999999998e+27
9.73674e+27
3.5682399999999995e+27
1.8524479999999998e+28
1.48044e+28
8.55998e+26
2.52434e+27
2.2396399999999997e+27
1.25268e+27
1.7681768e+28
2.3725e+27
1.00594e+28
9.679799999999999e+27
3.6061999999999997e+27
3.07476e+27
2.29658e+27
6.60504e+27
1.093248e+28
5.504199999999999e+27
4.3274399999999994e+27
3.845348e+25
3.338582e+25
4.0237600000000003e+27
1.245088e+28
2.29658e+27
9.75572e+27
4.3653999999999995e+27
1.6132999999999999e+27
1.82208e+27
6.98464e+26
2.5812800000000003e+27
5.8838e+27
5.14358e+27
4.13764e+27
2.847e+27
5.181539999999999e+27
1.797406e+27
8.977540000000001e+27
4.25152e+27
4.89684e+27
4.9348e+27
1.6132999999999999e+27
1.55636e+27
1.8429580000000001e+28
1.4045199999999998e+27
2.4674e+25
2.006186e+28
3.4164e+27
2.1447399999999996e+27
3.6061999999999997e+27
3.9858e+27
1.38554e+27
1.82208e+27
6.60504e+27
2.04984e+27
3.442972e+27
6.303258e+25
9.905662000000001e+26
4.9348e+26
9.053459999999999e+27
2.73312e+28
1.46146e+27
4.3464199999999997e+27
1.321008e+26
9.1104e+26
9.638043999999999e+25
5.1246e+27
6.425679e+26
7.703982e+25
5.485220000000001e+27
1.220414e+28
6.699939999999999e+27
3.2265999999999997e+27
1.4536781999999999e+28
3.2632314e+28
4.7070399999999996e+26
1.15778e+28
5.46624e+27
7.66792e+27
1.27166e+27
8.730799999999999e+27
3.75804e+27
4.9348e+27
6.11156e+27
5.1246e+27
1.48044e+28
1.1577799999999999e+27
5.36185e+25
1.65126e+27
9.017397999999999e+25
2.82802e+27
2.847e+26
1.334294e+28
1.643668e+26
1.738568e+27
4.1756e+28
3.0368e+27
5.504199999999999e+27
4.5552e+25
1.21472e+27
1.02492e+27
7.022599999999999e+26
6.96566e+27
6.775859999999999e+27
1.7841199999999997e+27
1.4235e+27
9.926540000000001e+26
3.77702e+27
5.1246e+27
2.847e+27
2.96088e+27
1.1388e+26
3.6061999999999997e+27
5.8838e+27
1.6170959999999998e+28
1.391234e+27
1.0097359999999999e+26
1.4424799999999999e+26
4.5552e+27
7.003619999999999e+27
5.504199999999999e+27
1.3096200000000001e+28
4.89684e+27
1.49942e+27
2.60026e+27
3.5113e+27
1.69871e+27
3.30252e+28
4.6311199999999995e+27
4.572282e+28
1.1596780000000001e+28
8.12344e+27
1.049594e+26
5.04868e+26
2.60026e+27
4.1756000000000004e+27
2.71414e+27
1.06288e+27
1.38554e+27
1.6133000000000001e+25
1.44248e+25
2.847e+25
2.848898e+25
9.8696e+26
1.87902e+28
3.77702e+27
2.6571999999999995e+27
2.44842e+27
3.6061999999999997e+27
8.541e+26
4.3653999999999995e+27
8.541e+27
3.64416e+28
3.796e+25
6.2634e+26
2.39148e+27
3.45436e+27
2.79006e+27
1.2337e+27
2.63822e+27
4.9348e+27
2.4674e+28
3.9857999999999995e+26
1.9720220000000001e+28
2.829918e+25
2.604056e+25
9.657024e+25
4.359706e+25
6.4532000000000005e+25
6.453200000000001e+26
1.898e+27
1.2540086000000001e+26
2.86598e+28
2.10678e+28
2.0118800000000002e+27
2.7520999999999997e+27
6.03564e+27
5.86482e+27
3.05578e+27
2.96088e+27
3.6061999999999997e+27
1.47095e+28
1.133106e+28
1.3475799999999999e+27
2.59077e+28
4.6501000000000004e+27
2.847e+27
2.04984e+27
1.247935e+28
1.4633579999999999e+28
9.888579999999999e+27
1.00594e+28
7.61098e+27
1.78412e+28
1.8030999999999998e+27
9.1104e+26
2.96088e+27
2.7520999999999997e+27
1.26217e+27
3.07476e+26
1.027767e+28
1.0609819999999998e+28
2.2016799999999998e+27
1.740466e+27
4.9348e+25
3.2265999999999997e+27
4.5552e+27
4.82092e+27
3.0368e+27
1.533584e+28
1.4424799999999999e+28
2.605954e+27
8.920599999999999e+26
3.4164e+27
9.49e+26
2.9969419999999998e+25
5.851534e+25
4.120558e+25
5.76992e+27
1.3285999999999998e+27
1.17676e+27
2.4674e+27
6.2634e+26
1.7271799999999998e+28
3.7200799999999996e+27
3.3215e+27
1.49942e+27
7.136479999999999e+27
4.34642e+26
1.28115e+27
1.237496e+27
1.3210079999999999e+27
5.318196e+27
6.388668e+27
6.453200000000001e+26
1.5924219999999998e+27
2.539524e+28
2.0308599999999997e+28
1.949246e+28
2.39148e+25
3.94784e+25
5.67502e+25
3.11272e+25
4.23254e+25
7.61098e+27
4.82092e+27
3.486626e+28
2.96088e+27
3.0368e+27
3.45436e+27
4.11866e+27
1.525992e+27
8.599838e+25
8.389160000000001e+25
4.3653999999999995e+27
1.1388e+27
4.72602e+27
1.1008399999999999e+27
3.39742e+27
3.553056e+26
1.2486942e+27
8.920599999999999e+26
4.28948e+26
1.3602965999999999e+26
6.6545778e+26
4.4982600000000004e+27
4.4982600000000004e+27
1.389336e+28
2.79006e+27
1.9928999999999997e+26
3.24558e+27
9.402691999999999e+27
1.9929e+27
3.34048e+27
2.1826999999999998e+27
1.0970440000000001e+28
2.6571999999999995e+27
6.2634e+26
1.4424799999999999e+28
1.3134159999999999e+28
2.0118800000000002e+27
4.763979999999999e+27
4.3653999999999995e+27
7.55404e+26
1.21472e+27
8.3512e+26
2.39148e+27
3.2266000000000004e+26
1.1388e+28
5.35236e+27
5.80788e+27
9.205299999999999e+27
2.96088e+27
5.826859999999999e+27
3.53028e+27
6.092579999999999e+25
7.04158e+25
1.08186e+26
1.15778e+28
3.73906e+27
5.5041999999999996e+26
5.9787e+27
1.0344100000000001e+28
3.54926e+27
5.80788e+27
4.2705e+27
4.2705e+27
2.0934939999999999e+27
3.4164e+27
1.529788e+28
2.10678e+27
8.863660000000001e+26
2.1826999999999998e+27
4.763979999999999e+27
3.73906e+26
9.49e+25
5.183438e+25
4.693753999999999e+25
3.845348e+25
2.54332e+27
7.47812e+27
1.302028e+28
5.1246e+27
2.4674e+27
3.190538e+27
3.718182e+27
7.55404e+26
1.2906400000000002e+27
2.50536e+26
2.0878e+25
3.4164e+27
2.847e+27
1.7461600000000001e+27
1.3286e+28
2.69516e+28
6.8328e+27
2.35352e+28
3.37844e+27
1.93596e+27
3.37844e+27
1.6019119999999998e+28
1.08186e+26
2.10678e+27
6.79484e+27
7.022599999999999e+26
1.3285999999999998e+27
3.45436e+27
9.49e+27
2.2776e+27
9.50898e+27
8.730799999999999e+27
1.7082e+27
7.592e+27
1.2906400000000002e+27
4.693753999999999e+25
3.4164e+27
1.2906399999999999e+28
9.52796e+26
1.49942e+26
2.6571999999999995e+27
1.5563599999999998e+28
3.75804e+27
2.96088e+27
5.08664e+27
7.0226e+25
6.642999999999999e+26
7.36424e+27
2.42944e+27
1.0818599999999998e+27
2.6951599999999997e+27
2.8545919999999996e+28
5.6560399999999994e+26
6.927699999999999e+25
7.763199599999999e+26
9.996765999999999e+26
1.7423639999999999e+28
8.12344e+26
1.488032e+27
1.7082e+28
1.1388e+28
2.10678e+28
2.61924e+27
1.135004e+28
1.7082e+28
4.5552e+27
1.6740360000000001e+28
4.3654e+28
3.9858e+27
1.0439e+28
2.027064e+27
3.796e+28
4.1753532599999995e+28
5.694e+28
4.0427399999999996e+27
1.3286e+28
1.898e+28
1.898e+28
1.612351e+26
1.7915222e+26
1.5943199999999998e+27
3.5471722e+26
9.972092e+25
5.135988e+25
2.44842e+27
3.5113e+27
1.5943199999999998e+27
2.6571999999999995e+27
1.8452356e+26
1.38554e+27
1.098942e+27
3.367052e+27
9.852517999999999e+25
7.225686e+25
6.151418e+25
7.0226e+27
3.34048e+27
7.166848e+25
5.91227e+25
2.3766756e+26
8.085479999999999e+26
3.6061999999999997e+27
6.563284e+25
2.0878000000000002e+27
1.9228638e+26
1.84106e+27
5.168254e+28
1.2887420000000002e+27
3.7011e+26
1.8030999999999998e+27
2.437032e+27
1.72718e+27
5.2195e+27
2.48638e+27
2.2396399999999997e+27
2.888756e+27
2.803346e+27
1.711996e+27
8.38916e+26
7.04158e+27
2.42944e+27
1.645566e+27
5.46624e+27
2.2396400000000002e+28
1.898e+28
2.7520999999999997e+27
1.7613439999999999e+28
5.1245999999999996e+25
1.188148e+27
2.6572e+24
3.9857999999999997e+24
6.2634e+25
9.3002e+25
6.33932e+26
2.0878e+26
4.1756e+25
2.7521e+25
1.0249199999999999e+26
4.3654e+25
3.0368e+26
1.898e+25
2.2776e+25
5.3144e+25
5.8837999999999995e+25
2.16372e+26
2.746406e+25
6.2634e+25
6.643e+25
1.1388e+25
1.7081999999999998e+25
4.3654e+25
4.745e+25
1.1388e+25
1.49942e+26
7.0226e+25
1.7081999999999998e+25
2.2776e+25
1.7841199999999998e+26
3.4923200000000003e+27
8.199359999999999e+26
2.14474e+26
1.84106e+26
1.9928999999999997e+26
9.6798e+25
4.9348e+25
3.9858e+23
1.17676e+25
3.8149800000000003e+24
1.59432e+28
2.22066e+26
4.745e+26
1.25268e+27
6.320340000000001e+26
2.88435264e+27
4.6501000000000004e+27
1.1388e+25
4.5552e+25
4.1756e+25
1.0249199999999999e+26
9.8696e+25
5.016413999999999e+25
7.823556e+25
1.3435942e+26
5.792695999999999e+25
7.614776e+25
6.012864e+25
1.1919439999999999e+26
3.033004e+25
2.14474e+26
4.4185439999999995e+25
3.0462899999999995e+25
4.777266e+25
2.86598e+25
1.5184e+27
5.1246e+27
1.013532e+27
7.9716e+25
3.0368e+27
3.0368e+27
5.73196e+25
1.469052e+26
5.3713399999999996e+26
3.0576779999999997e+25
3.702998e+25
1.7290779999999998e+28
2.6192400000000003e+28
9.8696e+25
9.6798e+25
5.2195000000000005e+26
3.83396e+26
2.9419e+26
2.23964e+26
2.86598e+27
2.5812800000000003e+27
3.64416e+26
3.35946e+26
4.3654e+25
7.971599999999999e+26
2.4674e+25
2.693262e+25
2.389582e+25
6.832799999999999e+25
3.8149799999999997e+27
1.3855399999999998e+26
6.2634e+25
3.6061999999999998e+25
4.4432179999999995e+25
2.17321e+25
8.9206e+27
1.2906399999999999e+28
7.781799999999999e+27
9.49e+26
1.7082e+26
2.3535199999999998e+26
5.1245999999999996e+25
4.1756e+26
2.41046e+26
3.6061999999999998e+25
8.920599999999999e+25
2.6572e+25
4.745e+25
5.971108e+25
7.166848e+25
7.286422e+25
7.28832e+26
3.8149800000000003e+28
4.5172399999999995e+26
1.06288e+26
1.4614599999999999e+26
4.1756000000000004e+27
3.796e+25
1.7081999999999998e+25
2.39148e+28
1.06288e+27
1.7860179999999997e+27
4.00478e+26
2.0878e+25
1.7841199999999998e+26
7.15546e+26
3.47334e+26
6.643e+25
2.0878000000000002e+27
4.745e+27
1.38554e+28
8.1614e+26
1.1293099999999999e+27
1.95494e+27
1.322906e+28
4.745e+26
6.453200000000001e+26
5.5041999999999996e+26
2.41046e+27
6.13054e+27
1.026818e+28
4.6121400000000003e+27
5.35236e+27
5.42828e+27
1.5943199999999998e+27
1.898e+27
2.60026e+27
9.5849e+26
1.19574e+24
4.084496e+25
8.46508e+27
1.1388e+28
7.136479999999999e+26
3.796e+27
5.3144e+28
2.35352e+25
8.725105999999999e+25
4.745e+25
3.923166e+27
1.8600399999999998e+27
1.36656e+27
4.0066780000000005e+27
1.3286e+25
2.4674e+25
4.5552e+25
1.65126e+28
1.975818e+28
3.494218e+28
2.987452e+28
1.84106e+27
4.5552e+27
1.7461600000000001e+27
7.022599999999999e+26
2.82802e+27
2.10678e+27
1.3286e+26
1.0818599999999998e+27
1.064778e+28
3.5796279999999996e+28
1.31911e+28
2.63822e+27
4.15662e+27
3.8908999999999995e+27
2.60026e+27
1.267864e+27
2.501564e+25
2.2984779999999998e+25
2.484482e+25
5.694e+25
2.4674e+25
8.3512e+25
2.14474e+26
2.0878e+26
7.17444e+26
3.564444e+25
4.2989699999999995e+25
1.59445286e+27
8.37018e+26
1.19574e+27
1.9169799999999998e+28
3.8149799999999997e+27
8.1614e+26
1.1388e+25
6.510139999999999e+25
3.6061999999999998e+25
3.6061999999999998e+25
2.4674e+25
1.1198199999999999e+27
4.13764e+25
4.0256579999999996e+25
4.031352e+25
2.465502e+25
1.93596e+27
3.796e+25
4.78296e+26
3.24558e+26
1.53738e+27
3.83396e+26
3.6061999999999998e+25
2.4009699999999997e+25
5.694e+27
6.4532000000000005e+25
1.8668728e+28
7.7818e+25
5.1245999999999996e+25
2.0878e+25
2.04984e+27
2.0878e+25
3.6061999999999998e+25
3.970616e+25
1.53738e+27
1.898e+25
1.57534e+27
1.3973076e+26
7.781799999999999e+27
6.2634e+25
3.0368e+26
4.85888e+27
2.0878e+28
5.49471e+25
5.1246e+26
2.847e+27
1.7915222e+26
1.0748374e+26
9.1104e+27
2.2016799999999997e+28
1.9112860000000001e+25
5.314399999999999e+27
1.59432e+28
4.000984e+25
7.0226e+27
4.49826e+28
2.92292e+27
4.13764e+27
6.0736e+26
7.592e+26
8.730800000000001e+26
3.75804e+28
1.391234e+28
4.3653999999999995e+27
5.27644e+27
4.9348e+27
8.419528e+25
3.2266000000000002e+25
7.212399999999999e+27
1.38554e+27
5.1246e+26
4.7774558e+26
1.1388e+26
8.730799999999999e+27
3.4164e+26
1.0059400000000001e+27
1.67024e+27
7.4022e+26
8.920599999999999e+26
2.7520999999999998e+26
1.63228e+27
3.5113e+27
5.181539999999999e+27
2.3855962e+28
1.3855399999999999e+25
5.86482e+27
9.6798e+26
1.36656e+27
7.4022e+27
1.2540086000000001e+26
2.0900776e+26
1.06288e+27
7.781799999999999e+27
8.540999999999999e+24
2.63822e+27
1.17676e+27
2.39148e+27
2.2396399999999997e+27
1.91698e+27
1.95494e+27
8.541e+27
2.6572e+28
1.007838e+27
4.38438e+27
1.1388e+23
2.567994e+25
2.3288459999999997e+25
4.745e+27
2.2776e+27
1.02492e+27
3.5682399999999995e+27
1.478542e+28
7.592e+24
2.456012e+27
4.733612e+27
8.180379999999999e+27
1.15778e+28
8.19936e+27
3.0368e+28
1.7082e+28
7.9716e+27
1.192961328e+28
2.4674e+28
1.8410599999999997e+28
7.212399999999999e+27
3.15068e+27
5.06766e+24
8.23732e+24
2.4484199999999996e+24
3.7011e+24
4.06172e+24
8.00956e+24
4.745e+27
1.898e+28
1.02492e+28
2.046044e+28
1.4272959999999999e+27
2.271906e+27
3.62518e+27
9.37612e+26
3.39742e+27
2.6572e+28
1.19574e+28
1.4614599999999999e+28
6.0736e+27
1.3285999999999998e+27
2.1257599999999996e+28
1.620892e+27
5.9787e+27
3.8529399999999993e+27
9.49e+26
2.82802e+27
2.4142559999999999e+27
3.4164e+27
3.6536499999999997e+27
2.2776e+26
9.24326e+26
9.015499999999999e+26
3.3575619999999995e+27
5.2289900000000004e+26
9.75572e+26
2.3345399999999998e+27
2.79006e+27
9.205299999999999e+27
2.245334e+27
1.706302e+27
1.1388e+27
5.3144e+26
3.4164e+26
1.898e+27
9.053459999999999e+26
2.3345399999999998e+27
5.1246e+26
7.7818e+26
2.2016799999999998e+27
3.6061999999999997e+27
2.86598e+27
2.3155599999999998e+27
2.22066e+26
1.3933218e+28
4.6311199999999995e+27
5.10562e+27
1.5943199999999998e+27
1.028716e+27
1.0894519999999999e+27
1.62279e+27
1.5184e+28
9.22428e+26
1.9796139999999998e+28
2.028962e+27
1.73667e+27
5.9027799999999996e+26
5.694e+26
1.171066e+27
1.677832e+27
2.032758e+27
1.1008399999999999e+27
1.951144e+27
1.721486e+27
4.63112e+26
3.75804e+27
9.07244e+26
6.8328e+27
7.781799999999999e+27
1.1198199999999999e+27
1.36656e+27
4.4811780000000005e+27
3.4164e+27
5.107517999999999e+27
5.3144e+26
2.3079679999999998e+27
1.7841199999999997e+27
6.03564e+27
1.000246e+27
3.37844e+27
1.687322e+27
1.901796e+27
3.62518e+27
2.29658e+27
2.97986e+27
1.0032827999999999e+26
5.433973999999999e+25
1.721486e+27
7.17444e+26
2.99884e+27
2.786264e+27
8.730800000000001e+26
4.046536e+27
3.1032300000000003e+28
1.2071279999999999e+27
1.190046e+27
1.0837579999999998e+27
1.222312e+27
1.68922e+27
1.637974e+27
9.2053e+26
9.75572e+26
3.90988e+27
1.0818599999999998e+27
7.2124e+26
2.412358e+27
2.9419e+27
4.4033599999999997e+27
7.971599999999999e+26
1.8030999999999998e+27
4.9348e+26
1.82208e+27
1.1198199999999999e+27
4.255316e+27
2.9344978e+27
3.5682399999999995e+27
1.8030999999999998e+27
2.03086e+27
1.7461600000000001e+27
3.34048e+27
1.68922e+27
1.7082e+27
4.259112e+27
1.7936099999999998e+28
1.021124e+27
1.383642e+27
2.35352e+27
5.694e+26
1.317212e+27
2.4009699999999997e+27
1.06288e+27
1.1198200000000001e+28
1.19574e+27
2.54332e+27
1.52789e+27
2.79006e+27
8.57896e+26
1.172964e+27
2.1447399999999996e+27
9.1104e+26
2.50536e+27
1.749956e+27
5.27644e+27
1.4235e+28
4.1756e+28
7.61098e+27
2.12576e+27
1.1406979999999999e+25
2.036554e+25
4.598854e+25
1.7461600000000001e+27
1.1331059999999999e+27
4.91582e+26
2.60026e+27
2.2377419999999996e+28
3.37844e+27
2.2586199999999998e+27
8.351200000000001e+27
4.47928e+24
5.845839999999999e+24
6.813819999999999e+24
3.4164e+27
1.2280059999999999e+28
1.48044e+28
1.15778e+28
1.27166e+28
2.9419e+27
1.4424799999999999e+28
1.6664439999999998e+28
3.5113e+27
2.5843167999999997e+28
3.796e+27
4.5552e+27
4.5552e+28
5.1246e+28
3.2265999999999997e+27
2.847e+27
7.781799999999999e+27
2.90394e+27
1.9832202e+27
1.4929667999999998e+26
8.19936e+27
2.347826e+25
2.347826e+25
1.045798e+25
1.093248e+25
3.90988e+28
1.3050648e+27
3.759938e+27
7.842535999999999e+27
5.314399999999999e+27
