2.80000
10.50000
4.80000
4.64000
1.68000
10.30000
8.00000
1.99000
0.86000
24.50000
13.90000
7.50000
4.00000
1.90000
20.95000
12.50000
9.88000
7.10000
3.88000
2.53000
0.54000
1.64000
2.00000
0.47200
0.83060
0.17140
3.87800
0.02542
0.14100
2.21000
0.01600
0.05700
0.07200
2.46000
7.40000
3.00000
1.50000
5.30000
3.20000
13.50000
6.40000
1.47000
1.06100
1.11000
6.37000
21.42000
12.47000
4.20000
0.05129
0.91000
1.60000
0.02700
0.17000
0.04500
0.33000
0.45800
0.53000
10.60000
5.10000
10.50000
12.56900
17.00000
1.03000
2.75000
2.33000
0.91700
1.30800
7.60000
0.53500
2.43000
3.47000
1.11000
3.47000
4.24000
0.03800
2.80000
0.01800
0.08800
0.27000
0.52000
10.39000
0.48400
0.85000
21.66000
0.72000
0.46700
2.96000
0.01800
0.02643
0.22000
0.84000
0.15000
28.50000
11.00000
6.05000



16.00000

0.00513
0.01970
0.01700
0.03335
0.02140
0.09250
0.82000
0.00909
0.00371
3.37000
0.00560
0.01315
0.03304
2.50000
2.30000
0.07406
0.06636
0.02391
0.01032
0.00636
0.00727
0.02080
0.04300
0.02600
0.00777
0.01970
0.01800
0.07000
4.00000
0.01686
0.04970
0.01730
0.00530
0.00887
0.32800
0.01800
0.01200
0.00800
0.00800
0.01400
0.03500
6.70000
6.80000
0.01400
0.02500
0.05800
0.68000
0.01700
0.91000
3.91000
2.27560
0.71420
0.02100
0.04600
20.00000
16.00000
11.30000
0.52500
0.08100
0.21100
0.85100
14.28000
2.23200
1.94600
4.19300
0.53400
3.40000
0.19700
0.29200
9.09000
7.24600
4.06300
2.14700
2.07000
0.68500
0.56700
0.05900
0.62000
0.62600
0.77800
0.59100
0.71100
2.17100

0.76200
3.32800
1.05400
1.83200
1.16900
0.26700
0.59900
0.67100
0.61500
0.80000
1.04400
0.66200
0.35200
4.00000
0.89200
0.49300
1.73000
1.06000
1.35000
0.30900
0.81800
1.48400
0.76000
0.58200
2.18000
1.85000
1.05700
0.52700
0.78300
0.34000
1.68200
1.52000
0.78000
1.85500
0.52600
0.85000
2.38000
0.54300
1.07100
2.17000
3.27000
1.33800
1.98000
1.34500
2.74000
1.47000
2.44000
0.61300
0.65000
0.53000
0.67200
0.65300
1.07100
0.70600
0.88000
0.92000
1.19200
0.94100
1.22200
1.32300
0.23700
0.31900
0.13800
0.83700

1.70000
1.16000
0.04160
0.03780
0.08050
0.07220
0.07320
0.20660
0.30000
0.17200
0.45000
5.90000
5.90000
0.05000
0.96000
0.09800
0.62000
0.36700
0.18600
2.10000
8.30000
6.92000
11.00000


0.94000
9.61000
11.00000
6.21000
0.21000
0.26100
3.50000
2.60000
1.29000
0.99000
0.77000
0.05400
0.07600
0.28000
11.09000
6.80000
4.51000
2.83000
0.36000
0.93000
1.24000
0.48000
0.95000
10.98000
1.10000
4.21000
0.36000
2.10000
1.88000
6.50000
0.17800
2.13000
0.62200
0.07880
6.54000
4.50000
1.22000
2.98000
0.04100
3.00000
0.05800
7.20000
2.90000
2.17600
1.81200
0.38000
1.76900
3.78900
0.89000
1.60000
1.15000
2.20000
18.15000
14.00000
5.61000
1.49000
1.42000
0.42000
2.50000
1.59000
0.82000
2.00000
0.22300
0.86500
5.13000
1.88000
9.76000
7.80000
0.45100
1.33000
1.18000
0.66000
9.31600
1.25000
5.30000
5.10000
1.90000
1.62000
1.21000
3.48000
5.76000
2.90000
2.28000
0.02026
0.01759
2.12000
6.56000
1.21000
5.14000
2.30000
0.85000
0.96000
0.36800
1.36000
3.10000
2.71000
2.18000
1.50000
2.73000
0.94700
4.73000
2.24000
2.58000
2.60000
0.85000
0.82000
9.71000
0.74000
0.01300
10.57000
1.80000
1.13000
1.90000
2.10000
0.73000
0.96000
3.48000
1.08000
1.81400
0.03321
0.52190
0.26000
4.77000
14.40000
0.77000
2.29000
0.06960
0.48000
0.05078
2.70000
0.33855
0.04059
2.89000
6.43000
3.53000
1.70000
7.65900
17.19300
0.24800
6.10000
2.88000
4.04000
0.67000
4.60000
1.98000
2.60000
3.22000
2.70000
7.80000
0.61000
0.02825
0.87000
0.04751
1.49000
0.15000
7.03000
0.08660
0.91600
22.00000
1.60000
2.90000
0.02400
0.64000
0.54000
0.37000
3.67000
3.57000
0.94000
0.75000
0.52300
1.99000
2.70000
1.50000

1.56000
0.06000
1.90000
3.10000
8.52000
0.73300
0.05320
0.07600
2.40000
3.69000
2.90000
6.90000
2.58000
0.79000
1.37000
1.85000
0.89500
17.40000
2.44000
24.09000
6.11000
4.28000
0.05530
0.26600
1.37000
2.20000
1.43000
0.56000
0.73000
0.00850
0.00760
0.01500
0.01501
0.52000
9.90000
1.99000
1.40000

1.29000
1.90000
0.45000
2.30000
4.50000
19.20000
0.02000
0.33000
1.26000
1.82000
1.47000
0.65000
1.39000
2.60000
13.00000
0.21000
10.39000
0.01491
0.01372
0.05088
0.02297
0.03400
0.34000
1.00000
0.06607
15.10000
11.10000
1.06000
1.45000
3.18000
3.09000
1.61000
1.56000
1.90000
7.75000
5.97000
0.71000
13.65000
2.45000
1.50000
1.08000
6.57500
7.71000
5.21000
5.30000
4.01000
9.40000
0.95000
0.48000
1.56000
1.45000
0.66500
0.16200
5.41500
5.59000
1.16000
0.91700
0.02600
1.70000
2.40000
2.54000
1.60000
8.08000
7.60000
1.37300
0.47000
1.80000
0.50000
0.01579
0.03083
0.02171
3.04000
0.70000
0.62000
1.30000
0.33000
9.10000
1.96000
1.75000
0.79000
3.76000
0.22900
0.67500
0.65200
0.69600
2.80200
3.36600
0.34000
0.83900
13.38000
10.70000
10.27000
0.01260
0.02080
0.02990
0.01640
0.02230
4.01000
2.54000
18.37000
1.56000
1.60000
1.82000
2.17000
0.80400
0.04531
0.04420
2.30000
0.60000
2.49000
0.58000
1.79000
0.18720
0.65790
0.47000
0.22600
0.07167
0.35061
2.37000
2.37000
7.32000
1.47000
0.10500
1.71000
4.95400
1.05000
1.76000
1.15000
5.78000
1.40000
0.33000
7.60000
6.92000
1.06000
2.51000
2.30000
0.39800
0.64000
0.44000
1.26000
0.17000
6.00000
2.82000
3.06000
4.85000
1.56000
3.07000
1.86000
0.03210
0.03710
0.05700
6.10000
1.97000
0.29000
3.15000
5.45000
1.87000
3.06000
2.25000
2.25000
1.10300
1.80000
8.06000
1.11000
0.46700
1.15000
2.51000
0.19700
0.05000
0.02731
0.02473
0.02026
1.34000
3.94000
6.86000
2.70000
1.30000
1.68100
1.95900
0.39800
0.68000
0.13200
0.01100
1.80000
1.50000
0.92000
7.00000
14.20000
3.60000
12.40000
1.78000
1.02000
1.78000
8.44000
0.05700
1.11000
3.58000
0.37000
0.70000
1.82000
5.00000
1.20000
5.01000
4.60000
0.90000
4.00000
0.68000
0.02473
1.80000
6.80000
0.50200
0.07900
1.40000
8.20000
1.98000
1.56000
2.68000
0.03700
0.35000
3.88000
1.28000
0.57000





1.42000
15.04000
0.29800
0.03650
0.40902
0.52670
9.18000
0.42800
0.78400
9.00000
6.00000
11.10000
1.38000
5.98000
9.00000
2.40000
8.82000
23.00000
2.10000
5.50000
1.06800
20.00000
21.99870
30.00000
2.13000
7.00000
10.00000
10.00000

0.08495




0.09439
0.84000
0.18689

0.05254
0.02706
1.29000
1.85000
0.84000





























1.40000




0.09722

0.73000



0.57900
1.77400
0.05191
0.03807
0.03241
3.70000
1.76000







0.03776
0.03115
0.12522























0.42600




















1.90000



















0.03458
1.10000
0.10131
0.97000
27.23000
0.67900
0.19500
0.95000
1.28400
0.91000
2.75000
1.31000
1.18000
1.52200
1.47700
0.90200
0.44200
3.71000
1.28000
0.86700
2.88000







11.80000



10.00000
1.45000
9.28000
0.02700
0.62600








0.00140
0.00210
0.03300
0.04900
0.33400
0.11000
0.02200
0.01450
0.05400
0.02300












0.16000
0.01000













0.01200
0.02800











0.03100
0.11400

























0.01447












0.03300

0.03500




















































0.00600
0.00900
0.02300
0.02500
0.00600
0.07900





































0.03700












0.00900
0.01200




































0.09400
1.84000


































0.43200




























0.11300












































































0.09700
0.10500



































0.05100
0.02600



























































































0.00021
0.00620
0.00201


























8.40000





























































0.11700
0.25000






























































0.66000



































































































































0.33300




























































1.51968



















2.45000




















0.00600
0.02400





0.02200
0.05400
0.05200
























0.02643
0.04122
0.07079


























0.03052
0.04012
0.03168


0.06280

























0.01598

























0.11300











0.02328
0.01605
0.02517
0.01510

















0.80000
2.70000






















0.53400
0.04200


1.60000
1.60000



























0.03020
0.07740
0.28300





























0.01611
0.01951

























9.11000
13.80000
















0.05200
0.05100
0.27500
0.20200



0.15500
0.11800
1.51000
1.36000






0.19200
0.17700















0.02300
0.42000
0.01300
0.01419
0.01259






























0.03600
2.01000
0.07300













0.03300
0.01900





0.02341
0.01145





4.70000
6.80000






















4.10000
0.50000






















0.09000
0.12400






























0.02700



0.22000
























0.12700

0.01900
0.04700






















0.01400
0.02500





















0.03146
0.03776
0.03839























0.38400




















20.10000












0.23800
0.05600








0.07700
2.20000
















0.02000
0.00900

12.60000


0.56000



0.94100
0.21100
0.01100
0.09400
0.37700

0.18300

0.03500

1.10000
2.50000
7.30000




0.43000
0.59500
1.03000
6.97000
0.25000
0.34000
0.29000
1.27000
3.23000





5.41000
2.43000
2.82000
2.86000
0.84000





1.00000















1.37000


0.50500




0.00063
0.02152
4.46000

6.00000
0.37600











2.00000
28.00000










0.01240
0.04597
0.02500
2.06700











0.98000
0.72000












2.11100












0.00700
0.01300
0.02400










8.70000
10.41000














18.41000
15.74000










0.97000
2.40000
0.92000
0.37000












1.49000
1.11000














0.07000
0.57000
5.61000











18.86000
6.95000










1.39000
2.19000











2.05000
1.37000










0.66800
0.01318
0.01211
0.01309



























0.03000
0.01300
0.04400
0.11300
0.11000











0.37800
























































0.01878
0.02265
0.84007






















0.44100











































0.63000










10.10000















2.01000












0.43000












0.00600










0.03430
0.01900
0.01900
0.01300










0.59000
0.02180
0.02121
0.02124
0.01299




























































































1.02000
0.02000































0.25200
0.17100












0.81000










0.20200
0.01900












0.01265
3.00000











0.03400
9.83600










0.04100











0.02700













0.01100
1.08000










0.01100










0.01900











0.02092


0.81000
0.01000
0.83000
0.07362
4.10000
0.03300
0.16000
2.56000
11.00000
0.02895
0.27000
1.50000
0.09439
0.05663
4.80000
11.60000
0.01007
2.80000
8.40000
0.02108
3.70000
23.70000
1.54000
2.18000
0.32000
0.40000
0.46000
19.80000
7.33000
2.30000
2.78000
2.60000
0.04436
0.01700
3.80000
0.73000
0.27000
0.25171
0.06000
4.60000
0.18000
0.53000
0.88000
0.39000
0.47000
0.14500
0.86000
1.85000
2.73000
12.56900
0.00730
3.09000
0.51000
0.72000
3.90000
0.06607
0.11012
0.56000
4.10000
0.00450
1.39000
0.62000

1.26000
1.18000
1.01000
1.03000
4.50000
14.00000
0.53100

2.31000
0.00006
0.01353
0.01227
2.50000
1.20000
0.54000
1.88000
7.79000
0.00400
1.29400
2.49400
4.31000
6.10000
4.32000
16.00000
9.00000
4.20000
6.28536
13.00000
9.70000
3.80000
1.66000
0.00267
0.00434
0.00129
0.00195
0.00214
0.00422

2.50000
10.00000
5.40000
10.78000
0.75200
1.19700
1.91000
0.49400
1.79000
14.00000
6.30000
7.70000
3.20000
0.70000
11.20000
0.85400
3.15000
2.03000
0.50000
1.49000
1.27200
1.80000
1.92500
0.12000
0.48700
0.47500
1.76900
0.27550
0.51400
1.23000
1.47000
4.85000
1.18300
0.89900
0.60000
0.28000
0.18000
1.00000
0.47700
1.23000
0.27000
0.41000
1.16000
1.90000
1.51000
1.22000
0.11700
7.34100
2.44000
2.69000
0.84000
0.54200
0.57400
0.85500
8.00000
0.48600
10.43000
1.06900
0.91500
0.31100
0.30000
0.61700
0.88400
1.07100
0.58000
1.02800
0.90700
0.24400
1.98000
0.47800
3.60000
4.10000
0.59000
0.72000
2.36100
1.80000
2.69100
0.28000
1.21600
0.94000
3.18000
0.52700
1.78000
0.88900
1.00200
1.91000
1.21000
1.57000
0.05286
0.02863
0.90700
0.37800
1.58000
1.46800
0.46000
2.13200
16.35000
0.63600
0.62700
0.57100
0.64400
0.89000
0.86300
0.48500
0.51400
2.06000
0.57000
0.38000
1.27100
1.55000
2.32000
0.42000
0.95000
0.26000
0.96000
0.59000
2.24200
1.54610
1.88000
0.95000
1.07000
0.92000
1.76000
0.89000
0.90000
2.24400
9.45000
0.53800
0.72900
1.24000
0.30000
0.69400
1.26500
0.56000
5.90000
0.63000
1.34000
0.80500
1.47000
0.45200
0.61800
1.13000
0.48000
1.32000
0.92200
2.78000
7.50000
22.00000
4.01000
1.12000
0.00601
0.01073
0.02423
0.92000
0.59700
0.25900
1.37000
11.79000
1.78000
1.19000
4.40000
0.00236
0.00308
0.00359
1.80000
6.47000
7.80000

6.10000
6.70000
1.55000
7.60000
8.78000
1.85000
13.61600
2.00000
2.40000
24.00000
27.00000
1.70000
1.50000
4.10000
1.53000
1.04490
0.07866
4.32000
0.01237
0.01237
0.00551
0.00576
20.60000
0.68760
1.98100
4.13200
2.80000
