0,0|0,0|1e+51
-71266227853142.31,-49901149962540.984|15886468980143.762,-22688229008162.766|1.989e+30
31465853185961.53,86451721112303.56|-25309735514022.188,9211990364254.28|1.989e+30
48514786313799.82,12096094779983.387|-8838648818977.328,35449884161373.375|1.989e+30
67923862220049.47,-59045312609145.664|17865590126684.637,20552010458097.594|1.989e+30
81351045090706.14,-52829986396457.62|14286261703571.047,21998913861215.1|1.989e+30
-70125872182254.77,11106847017856.4|-4796218622958.531,-30282132595417.05|1.989e+30
82863606749518.2,-42221116475777.87|12161887859651.758,23869048880128.08|1.989e+30
86987708955137.16,29952270210058.418|-8768871542491.658,25466652118646.246|1.989e+30
8780390914482.926,-83539839210934.95|28033053767261.66,2946392678369.6387|1.989e+30
37624267760557.53,-60211414827106.26|26000818111941.887,16247114362721.42|1.989e+30
