0,0|0,0|1e+51
785358289677.762,44993146282037.61|-38505546975283.11,672116822550.1022|1.989e+30
-55726272916198.664,-24810935227623.79|13453772713344.514,-30217668261920.92|1.989e+30
62573212951254.2,37597779468433.95|-15573047563901.236,25917903538269.55|1.989e+30
-36567685080958.52,34099918003124.93|-24916901319613.977,-26720105325926.746|1.989e+30
-47508273051478.914,52763282608895.01|-22784525459867.83,-20515278871472.08|1.989e+30
-10644563406385.383,-42693011956143.84|37789703489641.06,-9422031299108.186|1.989e+30
9881290168164.648,-70309032880651.49|30361226036717.91,4266992049788.3154|1.989e+30
7983422554789.026,-32019758967107.887|43635790964680.805,10879624613706.36|1.989e+30
77240909361842.48,-10855501874885.139|4071024412532.4326,28966843844020.14|1.989e+30
43659319685230.02,-22245534487237.8|16754999873263.092,32883538771003.594|1.989e+30
34710530923073.12,-41366399928424.82|26931019272157.96,22597808338495.96|1.989e+30
52596761577966.945,-16080443759750.543|10184734199065.914,33312764523579.67|1.989e+30
73594620257252.22,7735106281806.355|-3139166924417.9453,29867178201553.336|1.989e+30
9922067759580.3,-51044613539278.53|35167428139280.434,6835855553291.81|1.989e+30
5330951626650.326,50720616663781.94|-35977001557783.73,3781335235882.9087|1.989e+30
81245682110394.1,54800904540133.19|-14592991096187.395,21634999013061.38|1.989e+30
47000000000000.01,-81406387955737.23|23076099821649.32,13322992443875.912|1.989e+30
-17370447823077.95,32669060935780.3|-37499870582111.9,-19939034874593.71|1.989e+30
-76815004734952.22,-13544557858020.576|5079472725671.949,-28807121322347.316|1.989e+30
-28118957974287.582,-50727943014084.94|29668867293316.22,-16445721687036.217|1.989e+30
22776075969021.785,-85001472713438.02|26601011202252.562,7127719469494.81|1.989e+30
-35391102277982.6,63847238621175.9|-26445606573816.613,-14659039095025.396|1.989e+30
-3036256213117.564,86947001950661.33|-27680341043093.367,-966618809018.8207|1.989e+30
39357886821272.8,-21816432911085.195|18670703245002.312,33682840278485.26|1.989e+30
-94541544289171.97,-16670225056025.324|4578574841182.759,-25966388256558.805|1.989e+30
-73988729441572.95,-1291478076358.9563|524125346597.0726,-30027120996255.324|1.989e+30
30102907761805.215,78420755825764.95|-26315268084035.418,10101484989776.527|1.989e+30
8018328332784.525,-91649912224440.6|26831565739109.57,2347457826822.6597|1.989e+30
-31258490279141.906,-73640388276195.22|26587456555104.355,-11285705734708.773|1.989e+30
31027815695765.586,-55975661256921.32|28243920201735.375,15655860616331.646|1.989e+30
-45677272882130.055,-20336832153789.992|14860177666207.318,-33376505505051.81|1.989e+30
-49140744292039.73,19854149451043.348|-13293311644113.742,-32902100888711.668|1.989e+30
40019600768420.95,46037284393589.086|-24963797409835.46,21700698013901.043|1.989e+30
-29304834636695.535,-69037864008933.02|27459407054915.305,-11655826762859.9|1.989e+30
-28315594803123.156,20572483830236.562|-25667310667133.598,-35328022349359.57|1.989e+30
-23618384595605.91,24457553211514.137|-31870607039735.062,-30777087464559.465|1.989e+30
-35802788233257.836,-3763024677635.526|4500689158564.166,-42821196949747.836|1.989e+30
-75476280557921.9,47162814516755.234|-14511436591390.69,-23223153043192.285|1.989e+30
2616797812147.153,-49931476737728.695|36485063644510.055,1912101162609.1653|1.989e+30
45961940777125.58,-45961940777125.6|22658128105180.477,22658128105180.465|1.989e+30
22956637414332.098,-12206260632433.16|23785830570401.332,44734641053997.62|1.989e+30
36490815346006.78,-56190928052343.43|26469741799962.227,17189651314872.992|1.989e+30
-37826507806049.41,-84959727560761.89|24472841209050.816,-10896010917270.256|1.989e+30
-32967241394969.62,-16797648490363.21|19281535080260.863,-37842143310786.125|1.989e+30
-12849965147352.842,72875773722903.39|-29575446041431.9,-5214949103591.809|1.989e+30
-20151644295556.004,31030811013980.688|-35619370858859.805,-23131489900661.695|1.989e+30
79769427993988.84,-14065502391021.361|4984520937796.571,28268622974029.5|1.989e+30
-10348317863497.77,-98457667641459.06|25822153337495.41,-2714017679450.51|1.989e+30
30692566180754.445,-40730411012411.945|28890777692162.48,21770762540548.477|1.989e+30
56108504426414.79,54183352895801.79|-20319811551228.062,21041780831808.434|1.989e+30
83028386226596.98,-53919264466487.67|14141219757193.705,21775568849705.152|1.989e+30
16059493946146.555,-34439695907392.71|37982156354310.06,17711370381255.293|1.989e+30
-6689821649129.813,63649401303569.5|-32115897712310.88,-3375516868923.118|1.989e+30
25746969787280.83,-3618500624961.713|7051221121359.413,50172045272756.64|1.989e+30
-37343217059888.06,14334717981812.025|-14638442468282.941,-38134446398273.18|1.989e+30
51099902452029.64,65404892549357.914|-22345434407378.34,17458166720533.346|1.989e+30
-16813878704836.932,-58636963452237.46|31795995259733.934,-9117354926337.623|1.989e+30
33759141375291.43,75824272984335.88|-25905192293986.266,11533734707716.332|1.989e+30
25909911446797.92,90358599418201.97|-25613764623147.117,7344628817599.628|1.989e+30
-20121526974640.93,70172103803497.28|-29065373690708.438,-8334361791166.094|1.989e+30
-14239150568688.287,-80754235747001.06|28095724575508.906,-4954034285216.104|1.989e+30
44943287698773.02,-57524785013290.734|23826838334090.68,18615566315524.285|1.989e+30
20725939313876.043,13979822586768.67|-28892648293345.25,42835112636679.91|1.989e+30
81339632763963.77,-45087294682909.41|12987496958854.752,23430064735216.316|1.989e+30
50345631283986.945,-62171676916557.71|22446741491602.13,18177012857155.254|1.989e+30
-54199579115067.54,-60194730863668.914|21331758226177.35,-19207201378833.816|1.989e+30
75442419102508.8,50886554215837.96|-15143862549326.617,22451699528153.49|1.989e+30
-33417276342649.75,27060776815143.008|-24793239754123.824,-30617101273659.31|1.989e+30
-29875733281640.14,-25068716777775.03|26590769003635.543,-31689644489925.42|1.989e+30
59363366730949.82,37094348496324.34|-16362753646703.568,26185879651012.09|1.989e+30
60424543228446.7,58351303118555.766|-19580660355139.195,20276367361783.855|1.989e+30
-57553363831483.86,25624408513775.402|-13238498460366.14,-29734154373256.71|1.989e+30
68117359155480.586,28914103508206.254|-11734318065628.648,27644320976239.66|1.989e+30
-19353751647973.406,77623658102079.72|-28025594184766.97,-6987565426581.402|1.989e+30
-14396867478007.377,-62359684146255.05|31465138656391.844,-7264299645116.225|1.989e+30
-2717740044958.987,25857569279575.11|-50387565886653.266,-5295946579415.572|1.989e+30
-1186582887885.026,-33979288118649.258|44278367903522.82,-1546234679029.7122|1.989e+30
-21631599146222.277,36001026629488.72|-34169345018873.51,-20531013799806.625|1.989e+30
-39392310120488.32,6945927106677.228|-7093097643706.047,-40226955711523.234|1.989e+30
89124126186741.33,-12525579086405.93|3789917474709.7544,26966664049884.523|1.989e+30
47405933600075.66,-60676828027717.62|23199706229924.438,18125597016618.29|1.989e+30
39860191021428.44,89527454848974.89|-23840361075037.004,10614412618719.527|1.989e+30
-56991318623914.305,-994787166925.142|597191468340.8262,-34213076307463.44|1.989e+30
-26740639954133.742,-54826436824249.17|29729730578424.254,-14500158452380.52|1.989e+30
40143958339379.664,-15409821830447.934|14118567616167.96,36780126106019.125|1.989e+30
-4357787137382.9126,-49809734904587.27|36396106561311.914,-3184246720596.2964|1.989e+30
-63844099216628.76,-4464414319623.989|2252631928941.3213,-32214137415003.277|1.989e+30
-52192187295990.96,-57965296387236.734|21738113943683.105,-19573085710299.547|1.989e+30
-70343000238480.28,-31318721516836.586|11974672412926.94,-26895554594890.27|1.989e+30
-80754235747001.06,14239150568688.316|-4954034285216.113,-28095724575508.906|1.989e+30
71078560394209.06,53561537060532.3|-16480247346459.912,21870026900143.13|1.989e+30
49901149962541.016,71266227853142.28|-22688229008162.75,15886468980143.77|1.989e+30
-24881992827652.2,46796222421523.13|-31332330299542.477,-16659695536199.451|1.989e+30
11128407197584.703,-44633603408695.84|36959059121499.72,9214928397726.555|1.989e+30
58560222946838.0,7190291260903.701|-4098870236820.921,33382619171983.848|1.989e+30
83028386226596.98,-53919264466487.67|14141219757193.705,21775568849705.152|1.989e+30
25000000000000.0,0.0|-0.0,51668481688549.75|1.989e+30
28559424837354.03,5035797152340.9795|-8330420710752.565,47244163526657.87|1.989e+30
-37476659402887.02,-37476659402887.016|25092432896776.777,-25092432896776.78|1.989e+30
-36122235263867.86,37405669617609.86|-25770813158703.23,-24886584985010.14|1.989e+30
