0,0|0,0.0|1.989e+35
-1231322950651.3162,-1576021507213.4443|2030159.8842845387,-1586134.7371020499|8.542121717999999e+26
-5248472231924.061,-6037676641782.174|972182.8712620406,-845105.6767201927|8.542121717999999e+26
-881677878438.7096,1213525491562.4211|-2406717.4711680016,-1748582.5956970686|2.848133106e+26
7471460235688.092,653668070607.4363|-115952.06094561257,1325338.1212213226|2.848133106e+26
4605691392340.202,8308887217824.26|-1033880.9940391878,573089.5931209081|4.270605339e+27
5088288576938.556,3179515585399.2295|-788219.5061451732,1261414.892147805|2.848133106e+26
-8284543681071.963,-3516580156403.462|474536.75110471155,-1117938.5277603527|2.848133106e+26
-146185852361.36832,478152377981.51776|-4927474.768131411,-1506480.21873117|2.5624087554e+27
-3194542040189.1724,-2407260092608.1924|1096342.1840362262,-1454895.2180492857|2.5624087554e+27
4384665291533.5586,1012279744547.3923|-386362.4147819245,1673519.4783580743|2.848133106e+26
