2
100000000000.0
100000000000.0
1.0,1.0
-1.0,-1.0
0.9999410089096727,1.0099410089096728
-0.9999410089096727,-1.0099410089096728
0.9998238981720563,1.019823316941296
-0.9998238981720563,-1.019823316941296
0.9996495197659409,1.0296472117826074
-0.9996495197659409,-1.0296472117826074
0.9994187067964951,1.0394129785604005
-0.9994187067964951,-1.0394129785604005
0.9991322740637616,1.0491208998091548
-0.9991322740637616,-1.0491208998091548
0.9987910186100005,1.0587712554443187
-0.9987910186100005,-1.0587712554443187
0.9983957202468134,1.0683643227398854
-0.9983957202468134,-1.0683643227398854
0.9979471420629299,1.0779003763099324
-0.9979471420629299,-1.0779003763099324
0.997446030913497,1.0873796880938191
-0.997446030913497,-1.0873796880938191
0.9968931178916701,1.096802527344756
-0.9968931178916701,-1.096802527344756
0.9962891187832622,1.1061691606214827
-0.9962891187832622,-1.1061691606214827
0.9956347345051744,1.115479851782812
-0.9956347345051744,-1.115479851782812
0.994930651528293,1.1247348619848065
-0.994930651528293,-1.1247348619848065
0.9941775422855059,1.1339344496803858
-0.9941775422855059,-1.1339344496803858
0.9933760655654602,1.1430788706211603
-0.9933760655654602,-1.1430788706211603
0.9925268668926521,1.1521683778613148
-0.9925268668926521,-1.1521683778613148
0.991630578894413,1.1612032217633712
-0.991630578894413,-1.1612032217633712
0.9906878216553284,1.1701836500056737
-0.9906878216553284,-1.1701836500056737
0.9896992030596014,1.1791099075914515
-0.9896992030596014,-1.1791099075914515
0.9886653191218473,1.1879822368593227
-0.9886653191218473,-1.1879822368593227
0.9875867543067867,1.196800877495115
-0.9875867543067867,-1.196800877495115
0.9864640818382775,1.205566066544886
-0.9864640818382775,-1.205566066544886
0.9852978639981116,1.2142780384290337
-0.9852978639981116,-1.2142780384290337
0.9840886524149783,1.2229370249573996
-0.9840886524149783,-1.2229370249573996
0.9828369883439814,1.2315432553452668
-0.9828369883439814,-1.2315432553452668
0.9815434029370761,1.2400969562301691
-0.9815434029370761,-1.2400969562301691
0.9802084175047799,1.2485983516894312
-0.9802084175047799,-1.2485983516894312
0.9788325437694909,1.257047663258361
-0.9788325437694909,-1.257047663258361
0.9774162841107361,1.2654451099490287
-0.9774162841107361,-1.2654451099490287
0.9759601318026561,1.273790908269568
-0.9759601318026561,-1.273790908269568
0.9744645712440195,1.2820852722439349
-0.9744645712440195,-1.2820852722439349
0.9729300781810484,1.2903284134320743
-0.9729300781810484,-1.2903284134320743
0.9713571199233219,1.2985205409504401
-0.9713571199233219,-1.2985205409504401
0.9697461555530162,1.3066618614928203
-0.9697461555530162,-1.3066618614928203
0.9680976361277274,1.3147525793514239
-0.9680976361277274,-1.3147525793514239
0.9664120048771098,1.3227928964381894
-0.9664120048771098,-1.3227928964381894
0.9646896973935589,1.3307830123062745
-0.9646896973935589,-1.3307830123062745
0.9629311418171528,1.3387231241716937
-0.9629311418171528,-1.3387231241716937
0.961136759015059,1.34661342693507
-0.961136759015059,-1.34661342693507
0.9593069627556065,1.354454113203472
-0.9593069627556065,-1.354454113203472
0.9574421598772116,1.3622453733123059
-0.9574421598772116,-1.3622453733123059
0.9555427504523412,1.3699873953472401
-0.9555427504523412,-1.3699873953472401
0.9536091279466871,1.3776803651661353
-0.9536091279466871,-1.3776803651661353
0.9516416793737206,1.3853244664209605
-0.9516416793737206,-1.3853244664209605
0.9496407854447874,1.3929198805796725
-0.9496407854447874,-1.3929198805796725
0.947606820714897,1.4004667869480432
-0.947606820714897,-1.4004667869480432
0.9455401537243562,1.4079653626914141
-0.9455401537243562,-1.4079653626914141
0.9434411471363878,1.4154157828563658
-0.9434411471363878,-1.4154157828563658
0.9413101578708724,1.4228182203922837
-0.9413101578708724,-1.4228182203922837
0.9391475372343434,1.4301728461728118
-0.9391475372343434,-1.4301728461728118
0.9369536310463634,1.4374798290171784
-0.9369536310463634,-1.4374798290171784
0.9347287797624011,1.4447393357113838
-0.9347287797624011,-1.4447393357113838
0.9324733185933266,1.4519515310292408
-0.9324733185933266,-1.4519515310292408
0.930187577621638,1.4591165777532578
-0.930187577621638,-1.4591165777532578
0.9278718819145247,1.4662346366953567
-0.9278718819145247,-1.4662346366953567
0.9255265516338745,1.4733058667174177
-0.9255265516338745,-1.4733058667174177
0.9231519021433207,1.4803304247516438
-0.9231519021433207,-1.4803304247516438
0.920748244112428,1.4873084658207405
-0.920748244112428,-1.4873084658207405
0.9183158836181088,1.4942401430579026
-0.9183158836181088,-1.4942401430579026
0.9158551222433586,1.5011256077266064
-0.9158551222433586,-1.5011256077266064
0.913366257173396,1.507965009240199
-0.913366257173396,-1.507965009240199
0.9108495812892906,1.5147584951812856
-0.9108495812892906,-1.5147584951812856
0.9083053832591576,1.5215062113209064
-0.9083053832591576,-1.5215062113209064
0.9057339476269964,1.5282083016375043
-0.9057339476269964,-1.5282083016375043
0.9031355548992467,1.5348649083356791
-0.9031355548992467,-1.5348649083356791
0.9005104816291317,1.5414761718647256
-0.9005104816291317,-1.5414761718647256
0.8978590004988608,1.5480422309369548
-0.8978590004988608,-1.5480422309369548
0.8951813803997531,1.5545632225457962
-0.8951813803997531,-1.5545632225457962
0.89247788651035,1.561039281983681
-0.89247788651035,-1.561039281983681
0.8897487803725743,1.5674705428597036
-0.8897487803725743,-1.5674705428597036
0.886994319965999,1.5738571371170629
-0.886994319965999,-1.5738571371170629
0.8842147597802797,1.5801991950502805
-0.8842147597802797,-1.5801991950502805
0.8814103508858085,1.5864968453221993
-0.8814103508858085,-1.5864968453221993
0.8785813410026406,1.5927502149807578
-0.8785813410026406,-1.5927502149807578
0.8757279745677468,1.5989594294755458
-0.8757279745677468,-1.5989594294755458
0.8728504928006402,1.6051246126741365
-0.8728504928006402,-1.6051246126741365
0.869949133767427,1.6112458868782005
-0.869949133767427,-1.6112458868782005
0.8670241324433252,1.6173233728393983
-0.8670241324433252,-1.6173233728393983
0.8640757207736984,1.6233571897750558
-0.8640757207736984,-1.6233571897750558
0.8611041277336466,1.6293474553836205
-0.8611041277336466,-1.6293474553836205
0.8581095793861964,1.6352942858599024
-0.8581095793861964,-1.6352942858599024
0.8550922989391307,1.6411977959100994
-0.8550922989391307,-1.6411977959100994
0.8520525068004979,1.6470580987666075
-0.8520525068004979,-1.6470580987666075
0.8489904206328369,1.6528753062026198
-0.8489904206328369,-1.6528753062026198
0.845906255406156,1.6586495285465142
-0.845906255406156,-1.6586495285465142
0.8428002234497,1.6643808746960302
-0.8428002234497,-1.6643808746960302
0.8396725345025401,1.6700694521322406
-0.8396725345025401,-1.6700694521322406
0.8365233957630205,1.6757153669333131
-0.8365233957630205,-1.6757153669333131
0.8333530119370918,1.6813187237880716
-0.8333530119370918,-1.6813187237880716
0.8301615852855643,1.6868796260093506
-0.8301615852855643,-1.6868796260093506
0.8269493156703099,1.6923981755471527
-0.8269493156703099,-1.6923981755471527
0.8237164005994426,1.6978744730016035
-0.8237164005994426,-1.6978744730016035
0.8204630352715041,1.7033086176357122
-0.8204630352715041,-1.7033086176357122
0.8171894126186845,1.7087007073879348
-0.8171894126186845,-1.7087007073879348
0.8138957233491017,1.7140508388845452
-0.8138957233491017,-1.7140508388845452
0.8105821559881666,1.7193591074518144
-0.8105821559881666,-1.7193591074518144
0.8072488969190591,1.7246256071280002
-0.8072488969190591,-1.7246256071280002
0.8038961304223375,1.7298504306751497
-0.8038961304223375,-1.7298504306751497
0.8005240387147066,1.7350336695907163
-0.8005240387147066,-1.7350336695907163
0.7971328019869646,1.7401754141189927
-0.7971328019869646,-1.7401754141189927
0.7937225984411536,1.7452757532623626
-0.7937225984411536,-1.7452757532623626
0.7902936043269321,1.7503347747923734
-0.7902936043269321,-1.7503347747923734
0.7868459939771922,1.7553525652606305
-0.7868459939771922,-1.7553525652606305
0.7833799398429402,1.7603292100095163
-0.7833799398429402,-1.7603292100095163
0.7798956125274601,1.7652647931827354
-0.7798956125274601,-1.7652647931827354
0.7763931808197799,1.7701593977356889
-0.7763931808197799,-1.7701593977356889
0.7728728117274578,1.7750131054456777
-0.7728728117274578,-1.7750131054456777
0.7693346705087056,1.7798259969219392
-0.7693346705087056,-1.7798259969219392
0.7657789207038684,1.7845981516155174
-0.7657789207038684,-1.7845981516155174
0.7622057241662749,1.7893296478289693
-0.7622057241662749,-1.7893296478289693
0.7586152410924764,1.794020562725909
-0.7586152410924764,-1.794020562725909
0.7550076300518895,1.7986709723403924
-0.7550076300518895,-1.7986709723403924
0.7513830480158573,1.8032809515861428
-0.7513830480158573,-1.8032809515861428
0.7477416503861447,1.8078505742656203
-0.7477416503861447,-1.8078505742656203
0.7440835910228817,1.8123799130789366
-0.7440835910228817,-1.8123799130789366
0.7404090222719694,1.8168690396326173
-0.7404090222719694,-1.8168690396326173
0.7367180949919611,1.8213180244482121
-0.7367180949919611,-1.8213180244482121
0.7330109585804332,1.8257269369707576
-0.7330109585804332,-1.8257269369707576
0.7292877609998575,1.8300958455770908
-0.7292877609998575,-1.8300958455770908
0.725548648802988,1.8344248175840174
-0.725548648802988,-1.8344248175840174
0.7217937671577745,1.8387139192563366
-0.7217937671577745,-1.8387139192563366
0.7180232598718146,1.8429632158147227
-0.7180232598718146,-1.8429632158147227
0.714237269416355,1.8471727714434665
-0.714237269416355,-1.8471727714434665
0.7104359369498549,1.8513426492980773
-0.7104359369498549,-1.8513426492980773
0.7066194023411204,1.8554729115127475
-0.7066194023411204,-1.8554729115127475
0.7027878041920222,1.8595636192076808
-0.7027878041920222,-1.8595636192076808
0.6989412798598058,1.8636148324962871
-0.6989412798598058,-1.8636148324962871
0.6950799654790045,1.8676266104922439
-0.6950799654790045,-1.8676266104922439
0.6912039959829654,1.8715990113164258
-0.6912039959829654,-1.8715990113164258
0.6873135051249976,1.8755320921037058
-0.6873135051249976,-1.8755320921037058
0.6834086254991513,1.8794259090096264
-0.6834086254991513,-1.8794259090096264
0.679489488560638,1.8832805172169451
-0.679489488560638,-1.8832805172169451
0.6755562246458997,1.887095970942054
-0.6755562246458997,-1.887095970942054
0.671608962992336,1.890872323441275
-0.671608962992336,-1.890872323441275
0.6676478317576968,1.8946096270170323
-0.6676478317576968,-1.8946096270170323
0.6636729580391503,1.8983079330239045
-0.6636729580391503,-1.8983079330239045
0.6596844678920322,1.9019672918745552
-0.6596844678920322,-1.9019672918745552
0.6556824863482856,1.9055877530455454
-0.6556824863482856,-1.9055877530455454
0.6516671374345978,1.9091693650830284
-0.6516671374345978,-1.9091693650830284
0.647638544190242,1.9127121756083285
-0.647638544190242,-1.9127121756083285
0.6435968286846314,1.9162162313234048
-0.6435968286846314,-1.9162162313234048
0.6395421120345914,1.9196815780162004
-0.6395421120345914,-1.9196815780162004
0.6354745144213584,1.9231082605658794
-0.6354745144213584,-1.9231082605658794
0.6313941551073103,1.9264963229479526
-0.6313941551073103,-1.9264963229479526
0.6273011524524367,1.9298458082392922
-0.6273011524524367,-1.9298458082392922
0.6231956239305532,1.9331567586230376
-0.6231956239305532,-1.9331567586230376
0.6190776861452683,1.9364292153933929
-0.6190776861452683,-1.9364292153933929
0.6149474548457066,1.9396632189603165
-0.6149474548457066,-1.9396632189603165
0.6108050449419964,1.942858808854106
-0.6108050449419964,-1.942858808854106
0.6066505705205256,1.9460160237298763
-0.6066505705205256,-1.9460160237298763
0.6024841448589726,1.9491349013719346
-0.6024841448589726,-1.9491349013719346
0.5983058804411173,1.9522154786980521
-0.5983058804411173,-1.9522154786980521
0.5941158889714382,1.9552577917636325
-0.5941158889714382,-1.9552577917636325
0.5899142813894993,1.9582618757657801
-0.5899142813894993,-1.9582618757657801
0.5857011678841342,1.9612277650472676
-0.5857011678841342,-1.9612277650472676
0.58147665790743,1.9641554931004028
-0.58147665790743,-1.9641554931004028
0.577240860188518,1.9670450925707985
-0.577240860188518,-1.9670450925707985
0.5729938827471746,1.969896595261043
-0.5729938827471746,-1.969896595261043
0.5687358329072377,1.9727100321342739
-0.5687358329072377,-1.9727100321342739
0.5644668173098434,1.9754854333176557
-0.5644668173098434,-1.9754854333176557
0.5601869419264862,1.9782228281057623
-0.5601869419264862,-1.9782228281057623
0.5558963120719096,1.9809222449638633
-0.5558963120719096,-1.9809222449638633
0.5515950324168284,1.983583711531117
-0.5515950324168284,-1.983583711531117
0.5472832070004895,1.9862072546236709
-0.5472832070004895,-1.9862072546236709
0.5429609392430738,1.9887929002376674
-0.5429609392430738,-1.9887929002376674
0.5386283319579435,1.991340673552159
-0.5386283319579435,-1.991340673552159
0.5342854873637397,1.9938505989319317
-0.5342854873637397,-1.9938505989319317
0.5299325070963328,1.9963226999302366
-0.5299325070963328,-1.9963226999302366
0.5255694922206302,1.998756999291433
-0.5255694922206302,-1.998756999291433
0.5211965432422461,2.00115351895354
-0.5211965432422461,-2.00115351895354
0.5168137601190342,2.0035122800507006
-0.5168137601190342,-2.0035122800507006
0.5124212422724906,2.0058333029155557
-0.5124212422724906,-2.0058333029155557
0.5080190885990273,2.0081166070815315
-0.5080190885990273,-2.0081166070815315
0.5036073974811216,2.0103622112850377
-0.5036073974811216,-2.0103622112850377
0.499186266798344,2.0125701334675803
-0.499186266798344,-2.0125701334675803
0.4947557939382685,2.014740390777786
-0.4947557939382685,-2.014740390777786
0.49031607580726816,2.016872999573342
-0.49031607580726816,-2.016872999573342
0.48586720884119905,2.0189679754228496
-0.48586720884119905,-2.0189679754228496
0.4814092890159764,2.0210253331075902
-0.4814092890159764,-2.0210253331075902
0.4769424118580456,2.02304508662321
-0.4769424118580456,-2.02304508662321
0.4724666724547509,2.0250272491813184
-0.4724666724547509,-2.0250272491813184
0.4679821654646057,2.0269718332109994
-0.4679821654646057,-2.0269718332109994
0.46348898512746656,2.0288788503602437
-0.46348898512746656,-2.0288788503602437
0.45898722527461394,2.0307483114972937
-0.45898722527461394,-2.0307483114972937
0.4544769793387435,2.0325802267119064
-0.4544769793387435,-2.0325802267119064
0.4499583403638692,2.034374605316533
-0.4499583403638692,-2.034374605316533
0.445431401015143,2.0361314558474155
-0.445431401015143,-2.0361314558474155
0.4408962535885916,2.037850786065599
-0.4408962535885916,-2.037850786065599
0.4363529900207752,2.0395326029578653
-0.4363529900207752,-2.0395326029578653
0.4318017018983697,2.0411769127375803
-0.4318017018983697,-2.0411769127375803
0.42724248046767477,2.042783720845461
-0.42724248046767477,-2.042783720845461
0.4226754166440516,2.0443530319502616
-0.4226754166440516,-2.0443530319502616
0.41810060102129193,2.0458848499493745
-0.41810060102129193,-2.0458848499493745
0.41351812388092096,2.0473791779693524
-0.41351812388092096,-2.0473791779693524
0.40892807520143737,2.048836018366348
-0.40892807520143737,-2.048836018366348
0.40433054466749235,2.0502553727264723
-0.40433054466749235,-2.0502553727264723
0.39972562167901016,2.05163724186607
-0.39972562167901016,-2.05163724186607
0.3951133953602529,2.0529816258319156
-0.3951133953602529,-2.0529816258319156
0.3904939545688318,2.0542885239013247
-0.3904939545688318,-2.0542885239013247
0.3858673879046673,2.0555579345821884
-0.3858673879046673,-2.0555579345821884
0.3812337837189007,2.056789855612923
-0.3812337837189007,-2.056789855612923
0.37659323012275936,2.0579842839623375
-0.37659323012275936,-2.0579842839623375
0.3719458149963777,2.0591412158294227
-0.3719458149963777,-2.0591412158294227
0.3672916259975767,2.0602606466430564
-0.3672916259975767,-2.0602606466430564
0.3626307505706043,2.061342571061626
-0.3626307505706043,-2.061342571061626
0.35796327595483807,2.062386982972573
-0.35796327595483807,-2.062386982972573
0.3532892891934537,2.0633938754918497
-0.3532892891934537,-2.0633938754918497
0.34860887714206057,2.0643632409632997
-0.34860887714206057,-2.0643632409632997
0.34392212647730724,2.065295070957952
-0.34392212647730724,-2.065295070957952
0.3392291237054587,2.0661893562732336
-0.3392291237054587,-2.0661893562732336
0.33452995517094775,2.0670460869321015
-0.33452995517094775,-2.0670460869321015
0.32982470706490297,2.0678652521820875
-0.32982470706490297,-2.0678652521820875
0.32511346543365516,2.068646840494264
-0.32511346543365516,-2.068646840494264
0.32039631618722436,2.069390839562123
-0.32039631618722436,-2.069390839562123
0.3156733451077902,2.0700972363003736
-0.3156733451077902,-2.0700972363003736
0.31094463785814713,2.070766016843654
-0.31094463785814713,-2.070766016843654
0.30621027999014705,2.0713971665451596
-0.30621027999014705,-2.0713971665451596
0.3014703569531315,2.0719906699751873
-0.3014703569531315,-2.0719906699751873
0.29672495410235566,2.072546510919592
-0.29672495410235566,-2.072546510919592
0.29197415670740595,2.07306467237816
-0.29197415670740595,-2.07306467237816
0.28721804996061395,2.073545136562895
-0.28721804996061395,-2.073545136562895
0.28245671898546837,2.073987884896219
-0.28245671898546837,-2.073987884896219
0.2776902488450276,2.0743928980090853
-0.2776902488450276,-2.0743928980090853
0.27291872455033467,2.0747601557390034
-0.27291872455033467,-2.0747601557390034
0.2681422310688373,2.0750896371279786
-0.2681422310688373,-2.0750896371279786
0.2633608533328145,2.07538132042036
-0.2633608533328145,-2.07538132042036
0.2585746762478129,2.075635183060603
-0.2585746762478129,-2.075635183060603
0.25378378470109386,2.075851201690938
-0.25378378470109386,-2.075851201690938
0.24898826357009488,2.0760293521489537
-0.24898826357009488,-2.0760293521489537
0.24418819773090625,2.0761696094650866
-0.24418819773090625,-2.0761696094650866
0.23938367206676617,2.0762719478600196
-0.23938367206676617,-2.0762719478600196
0.2345747714765761,2.0763363407419893
-0.2345747714765761,-2.0763363407419893
0.22976158088343862,2.0763627607040003
-0.22976158088343862,-2.0763627607040003
0.22494418524322035,2.076351179520946
-0.22494418524322035,-2.076351179520946
0.22012266955314191,2.076301568146635
-0.22012266955314191,-2.076301568146635
0.21529711886039746,2.0762138967107235
-0.21529711886039746,-2.0762138967107235
0.210467618270806,2.07608813451555
-0.210467618270806,-2.07608813451555
0.20563425295749696,2.0759242500328763
-0.20563425295749696,-2.0759242500328763
0.20079710816963214,2.0757222109005276
-0.20079710816963214,-2.0757222109005276
0.19595626924116682,2.0754819839189387
-0.19595626924116682,-2.0754819839189387
0.19111182159965204,2.075203535047597
-0.19111182159965204,-2.075203535047597
0.18626385077508079,2.0748868294013882
-0.18626385077508079,-2.0748868294013882
0.1814124424087804,2.0745318312468393
-0.1814124424087804,-2.0745318312468393
0.17655768226235374,2.07413850399826
-0.17655768226235374,-2.07413850399826
0.17169965622667158,2.073706810213783
-0.17169965622667158,-2.073706810213783
0.16683845033091893,2.0732367115912957
-0.16683845033091893,-2.0732367115912957
0.16197415075169772,2.072728168964274
-0.16197415075169772,-2.072728168964274
0.15710684382218837,2.0721811422975014
-0.15710684382218837,-2.0721811422975014
0.15223661604137334,2.071595590682688
-0.15223661604137334,-2.071595590682688
0.14736355408332472,2.070971472333977
-0.14736355408332472,-2.070971472333977
0.142487744806559,2.0703087445833424
-0.142487744806559,-2.0703087445833424
0.13760927526346184,2.069607363875877
-0.13760927526346184,-2.069607363875877
0.13272823270978518,2.0688672857649664
-0.13272823270978518,-2.0688672857649664
0.12784470461422007,2.068088464907351
-0.12784470461422007,-2.068088464907351
0.12295877866804773,2.067270855058074
-0.12295877866804773,-2.067270855058074
0.11807054279487199,2.0664144090653083
-0.11807054279487199,-2.0664144090653083
0.11318008516043587,2.0655190788650746
-0.11318008516043587,-2.0655190788650746
0.10828749418252565,2.0645848154758326
-0.10828749418252565,-2.0645848154758326
0.10339285854096508,2.0636115689929553
-0.10339285854096508,-2.0636115689929553
0.09849626718770331,2.0625992885830815
-0.09849626718770331,-2.0625992885830815
0.09359780935699932,2.061547922478345
-0.09359780935699932,-2.061547922478345
0.08869757457570646,2.060457417970476
-0.08869757457570646,-2.060457417970476
0.08379565267365997,2.0593277214047814
-0.08379565267365997,-2.0593277214047814
0.07889213379417137,2.0581587781739903
-0.07889213379417137,-2.0581587781739903
0.0739871084046326,2.056950532711975
-0.0739871084046326,-2.056950532711975
0.0690806673072338,2.055702928487337
-0.0690806673072338,-2.055702928487337
0.06417290164979805,2.0544159079968596
-0.06417290164979805,-2.0544159079968596
0.05926390293673682,2.0530894127588284
-0.05926390293673682,-2.0530894127588284
0.05435376304012976,2.0517233833062103
-0.05435376304012976,-2.0517233833062103
0.049442574210932615,2.050317759179696
-0.049442574210932615,-2.050317759179696
0.044530429090317104,2.0488724789206016
-0.044530429090317104,-2.0488724789206016
0.0396174207211467,2.047387480063624
-0.0396174207211467,-2.047387480063624
0.03470364255959231,2.045862699129456
-0.03470364255959231,-2.045862699129456
0.02978918848689196,2.0442980716172503
-0.02978918848689196,-2.0442980716172503
0.024874152821258606,2.042693531996935
-0.024874152821258606,-2.042693531996935
0.019958630329940455,2.0410490137013775
-0.019958630329940455,-2.0410490137013775
0.015042716241438008,2.0393644491183966
-0.015042716241438008,-2.0393644491183966
0.010126506257882431,2.0376397695826145
-0.010126506257882431,-2.0376397695826145
0.005210096567579707,2.0358749053671534
-0.005210096567579707,-2.0358749053671534
0.0002935838577252884,2.0340697856751695
-0.0002935838577252884,-2.0340697856751695
-0.004622934672706008,2.0322243386312238
0.004622934672706008,-2.0322243386312238
-0.009539361299889967,2.0303384912724867
0.009539361299889967,-2.0303384912724867
-0.014455597761897827,2.028412169539775
0.014455597761897827,-2.028412169539775
-0.019371545245250893,2.0264452982684156
0.019371545245250893,-2.0264452982684156
-0.024287104371279684,2.024437801178937
0.024287104371279684,-2.024437801178937
-0.029202175182282266,2.022389600867582
0.029202175182282266,-2.022389600867582
-0.03411665712747627,2.0203006187966444
0.03411665712747627,-2.0203006187966444
-0.03903044904873898,2.018170775284618
0.03903044904873898,-2.018170775284618
-0.043943449166129765,2.015999989496163
0.043943449166129765,-2.015999989496163
-0.04885555506318888,2.013788179431884
0.04885555506318888,-2.013788179431884
-0.05376666367200666,2.011535261917914
0.05376666367200666,-2.011535261917914
-0.05867667125805688,2.009241152595305
0.05867667125805688,-2.009241152595305
-0.06358547340478794,2.0069057659092215
0.06358547340478794,-2.0069057659092215
-0.0684929649979653,2.004529015097928
0.0684929649979653,-2.004529015097928
-0.07339904020975854,2.002110812181575
0.07339904020975854,-2.002110812181575
-0.07830359248256617,1.9996510679507762
0.07830359248256617,-1.9996510679507762
-0.08320651451257115,1.9971496919549716
0.08320651451257115,-1.9971496919549716
-0.08810769823301981,1.9946065924905751
0.08810769823301981,-1.9946065924905751
-0.09300703479721698,1.9920216765889036
0.09300703479721698,-1.9920216765889036
-0.09790441456122936,1.989394850003881
0.09790441456122936,-1.989394850003881
-0.10279972706628976,1.9867260171995151
0.10279972706628976,-1.9867260171995151
-0.10769286102089372,1.984015081337144
0.10769286102089372,-1.984015081337144
-0.11258370428258059,1.9812619442624442
0.11258370428258059,-1.9812619442624442
-0.11747214383939049,1.9784665064922013
0.11747214383939049,-1.9784665064922013
-0.1223580657909884,1.9756286672008345
0.1223580657909884,-1.9756286672008345
-0.12724135532944653,1.9727483242066732
0.12724135532944653,-1.9727483242066732
-0.13212189671967559,1.9698253739579799
0.13212189671967559,-1.9698253739579799
-0.13699957327949583,1.966859711518715
0.13699957327949583,-1.966859711518715
-0.14187426735933778,1.9638512305540392
0.14187426735933778,-1.9638512305540392
-0.14674586032156284,1.960799823315548
0.14674586032156284,-1.960799823315548
-0.15161423251939352,1.957705380626233
0.15161423251939352,-1.957705380626233
-0.15647926327544262,1.9545677918651667
0.15647926327544262,-1.9545677918651667
-0.1613408308598306,1.9513869449519026
0.1613408308598306,-1.9513869449519026
-0.16619881246787965,1.9481627263305883
0.16619881246787965,-1.9481627263305883
-0.1710530841973735,1.944895020953784
0.1710530841973735,-1.944895020953784
-0.17590352102537035,1.9415837122659823
0.17590352102537035,-1.9415837122659823
-0.1807499967845574,1.9382286821868207
0.1807499967845574,-1.9382286821868207
-0.18559238413913395,1.9348298110939863
0.18559238413913395,-1.9348298110939863
-0.19043055456021046,1.9313869778058004
0.19043055456021046,-1.9313869778058004
-0.1952643783007098,1.9279000595634805
0.1952643783007098,-1.9279000595634805
-0.20009372436975736,1.9243689320130744
0.20009372436975736,-1.9243689320130744
-0.2049184605065457,1.9207934691870552
0.2049184605065457,-1.9207934691870552
-0.209738453153659,1.9171735434855763
0.209738453153659,-1.9171735434855763
-0.21455356742984266,1.913509025657375
0.21455356742984266,-1.913509025657375
-0.21936366710220206,1.90979978478032
0.21936366710220206,-1.90979978478032
-0.22416861455781484,1.906045688241597
0.22416861455781484,-1.906045688241597
-0.22896827077474013,1.9022466017175204
0.22896827077474013,-1.9022466017175204
-0.23376249529240778,1.8984023891529687
0.23376249529240778,-1.8984023891529687
-0.2385511461813698,1.894512912740434
0.2385511461813698,-1.894512912740434
-0.2433340800123964,1.8905780328986772
0.2433340800123964,-1.8905780328986772
-0.24811115182489746,1.88659760825098
0.24811115182489746,-1.88659760825098
-0.2528822150946506,1.88257149560299
0.2528822150946506,-1.88257149560299
-0.25764712170081566,1.8784995499201436
0.25764712170081566,-1.8784995499201436
-0.2624057218922152,1.8743816243046654
0.2624057218922152,-1.8743816243046654
-0.26715786425286003,1.870217569972129
0.26715786425286003,-1.870217569972129
-0.2719033956666973,1.8660072362275748
0.2719033956666973,-1.8660072362275748
-0.2766421612815595,1.8617504704411723
0.2766421612815595,-1.8617504704411723
-0.28137400447229005,1.8574471180234189
0.28137400447229005,-1.8574471180234189
-0.28609876680302204,1.8530970223998668
0.28609876680302204,-1.8530970223998668
-0.290816287988585,1.8487000249853651
0.290816287988585,-1.8487000249853651
-0.29552640585501366,1.8442559651578083
0.29552640585501366,-1.8442559651578083
-0.300228956299133,1.8397646802313823
0.300228956299133,-1.8397646802313823
-0.3049237732471906,1.8352260054292948
0.3049237732471906,-1.8352260054292948
-0.3096106886125096,1.8306397738559805
0.3096106886125096,-1.8306397738559805
-0.3142895322521313,1.8260058164687694
0.3142895322521313,-1.8260058164687694
-0.3189601319224178,1.8213239620490067
0.3189601319224178,-1.8213239620490067
-0.3236223132335832,1.8165940371726137
0.3236223132335832,-1.8165940371726137
-0.32827589960312054,1.8118158661800756
0.32827589960312054,-1.8118158661800756
-0.3329207122080907,1.8069892711458455
0.3329207122080907,-1.8069892711458455
-0.3375565699362389,1.8021140718471513
0.3375565699362389,-1.8021140718471513
-0.34218328933590186,1.7971900857321927
0.34218328933590186,-1.7971900857321927
-0.34680068456466917,1.7922171278877148
0.34680068456466917,-1.7922171278877148
-0.3514085673367593,1.7871950110059456
0.3514085673367593,-1.7871950110059456
-0.35600674686907063,1.782123545350882
0.35600674686907063,-1.782123545350882
-0.3605950298258661,1.7770025387239117
0.3605950298258661,-1.7770025387239117
-0.3651732202620476,1.7718317964287549
0.3651732202620476,-1.7718317964287549
-0.3697411195649767,1.7666111212357123
0.3697411195649767,-1.7666111212357123
-0.3742985263947941,1.7613403133452026
0.3742985263947941,-1.7613403133452026
-0.37884523662319136,1.7560191703505754
0.37884523662319136,-1.7560191703505754
-0.3833810432705838,1.750647487200183
0.3833810432705838,-1.750647487200183
-0.38790573644163384,1.7452250561586924
0.38790573644163384,-1.7452250561586924
-0.392419103259071,1.7397516667676258
0.392419103259071,-1.7397516667676258
-0.39692092779575316,1.7342271058051069
0.39692092779575316,-1.7342271058051069
-0.40141099100491173,1.7286511572447987
0.40141099100491173,-1.7286511572447987
-0.4058890706485202,1.7230236022140142
0.4058890706485202,-1.7230236022140142
-0.4103549412237248,1.7173442189509809
0.4103549412237248,-1.7173442189509809
-0.4148083738872727,1.7116127827612404
0.4148083738872727,-1.7116127827612404
-0.41924913637787065,1.7058290659731652
0.41924913637787065,-1.7058290659731652
-0.4236769929364042,1.6999928378925706
0.4236769929364042,-1.6999928378925706
-0.42809170422394643,1.694103864756403
0.42809170422394643,-1.694103864756403
-0.43249302723748,1.688161909685485
0.43249302723748,-1.688161909685485
-0.43688071522325495,1.6821667326362921
0.43688071522325495,-1.6821667326362921
-0.4412545175877014,1.6761180903517459
0.4412545175877014,-1.6761180903517459
-0.44561417980581264,1.6700157363109953
0.44561417980581264,-1.6700157363109953
-0.4499594433269106,1.6638594206781676
0.4499594433269106,-1.6638594206781676
-0.45429004547770335,1.657648890250064
0.45429004547770335,-1.657648890250064
-0.4586057193625386,1.6513838884027774
0.4586057193625386,-1.6513838884027774
-0.4629061937607553,1.6450641550372083
0.4629061937607553,-1.6450641550372083
-0.4671911930210305,1.6386894265234537
0.4671911930210305,-1.6386894265234537
-0.4714604369526136,1.632259435644045
0.4714604369526136,-1.632259435644045
-0.47571364071333727,1.6257739115360075
0.47571364071333727,-1.6257739115360075
-0.4799505146942889,1.6192325796317195
0.4799505146942889,-1.6192325796317195
-0.484170764401021,1.6126351615985397
0.484170764401021,-1.6126351615985397
-0.4883740903311753,1.6059813752771788
0.4883740903311753,-1.6059813752771788
-0.49256018784838784,1.5992709346187886
0.49256018784838784,-1.5992709346187886
-0.49672874705233977,1.592503549620738
0.49672874705233977,-1.592503549620738
-0.5008794526448092,1.5856789262610502
0.5008794526448092,-1.5856789262610502
-0.5050119837915759,1.5787967664314695
0.5050119837915759,-1.5787967664314695
-0.5091260139800238,1.5718567678691315
0.5091260139800238,-1.5718567678691315
-0.5132212108722772,1.5648586240868056
0.5132212108722772,-1.5648586240868056
-0.5172972361537035,1.557802024301678
0.5172972361537035,-1.557802024301678
-0.521353745376603,1.5506866533626475
0.521353745376603,-1.5506866533626475
-0.5253903877989035,1.5435121916761025
0.5253903877989035,-1.5435121916761025
-0.5294068062176646,1.5362783151301453
0.5294068062176646,-1.5362783151301453
-0.5334026367971909,1.5289846950172368
0.5334026367971909,-1.5289846950172368
-0.537377508891543,1.5216309979552256
0.537377508891543,-1.5216309979552256
-0.5413310448612256,1.5142168858067322
0.5413310448612256,-1.5142168858067322
-0.5452628598838225,1.5067420155968543
0.5452628598838225,-1.5067420155968543
-0.5491725617583366,1.4992060394291629
0.5491725617583366,-1.4992060394291629
-0.5530597507029834,1.491608604399954
0.5530597507029834,-1.491608604399954
-0.5569240191461728,1.4839493525107263
0.5569240191461728,-1.4839493525107263
-0.5607649515104033,1.4762279205788524
0.5607649515104033,-1.4762279205788524
-0.5645821239887782,1.4684439401464078
0.5645821239887782,-1.4684439401464078
-0.5683751043138416,1.4605970373871309
0.5683751043138416,-1.4605970373871309
-0.5721434515184147,1.45268683301148
0.5721434515184147,-1.45268683301148
-0.5758867156880996,1.4447129421697555
0.5758867156880996,-1.4447129421697555
-0.5796044377051014,1.4366749743532603
0.5796044377051014,-1.4366749743532603
-0.5832961489830025,1.4285725332934645
0.5832961489830025,-1.4285725332934645
-0.5869613711921033,1.4204052168591497
0.5869613711921033,-1.4204052168591497
-0.5905996159749264,1.412172616951504
0.5905996159749264,-1.412172616951504
-0.5942103846514609,1.4038743193971424
0.5942103846514609,-1.4038743193971424
-0.5977931679137022,1.395509903839025
0.5977931679137022,-1.395509903839025
-0.6013474455090189,1.3870789436252577
0.6013474455090189,-1.3870789436252577
-0.6048726859118568,1.3785810056957453
0.6048726859118568,-1.3785810056957453
-0.608368345983264,1.3700156504666878
0.608368345983264,-1.3700156504666878
-0.6118338706176935,1.3613824317128997
0.6118338706176935,-1.3613824317128997
-0.6152686923765139,1.3526808964479402
0.6152686923765139,-1.3526808964479402
-0.6186722311076274,1.3439105848020487
0.6186722311076274,-1.3439105848020487
-0.6220438935505616,1.3350710298978787
0.6220438935505616,-1.3350710298978787
-0.6253830729263729,1.326161757724031
0.6253830729263729,-1.326161757724031
-0.6286891485116575,1.3171822870063905
0.6286891485116575,-1.3171822870063905
-0.6319614851959343,1.3081321290772787
0.6319614851959343,-1.3081321290772787
-0.63519943302162,1.2990107877424384
0.63519943302162,-1.2990107877424384
-0.6384023267057763,1.2898177591458748
0.6384023267057763,-1.2898177591458748
-0.6415694851427661,1.280552531632586
0.6415694851427661,-1.280552531632586
-0.6447002108869019,1.2712145856092236
0.6447002108869019,-1.2712145856092236
-0.647793789614127,1.2618033934027342
0.647793789614127,-1.2618033934027342
-0.6508494895617104,1.2523184191170456
0.6508494895617104,-1.2523184191170456
-0.6538665609448804,1.2427591184878708
0.6538665609448804,-1.2427591184878708
-0.6568442353492634,1.233124938735718
0.6568442353492634,-1.233124938735718
-0.6597817250979268,1.223415318417209
0.6597817250979268,-1.223415318417209
-0.662678222591757,1.2136296872748298
0.662678222591757,-1.2136296872748298
-0.6655328996218315,1.203767466085246
0.6655328996218315,-1.203767466085246
-0.6683449066523625,1.193828066506348
0.6683449066523625,-1.193828066506348
-0.6711133720727104,1.1838108909232046
0.6711133720727104,-1.1838108909232046
-0.6738374014168736,1.173715332293133
0.6738374014168736,-1.173715332293133
-0.6765160765487669,1.1635407739901233
0.6765160765487669,-1.1635407739901233
-0.6791484548114994,1.1532865896488804
0.6791484548114994,-1.1532865896488804
-0.6817335681387576,1.1429521430087883
0.6817335681387576,-1.1429521430087883
-0.684270422126279,1.132536787758133
0.684270422126279,-1.132536787758133
-0.6867579950612823,1.122039867378968
0.6867579950612823,-1.122039867378968
-0.6891952369075882,1.1114607149930507
0.6891952369075882,-1.1114607149930507
-0.6915810682440207,1.1007986532093281
0.6915810682440207,-1.1007986532093281
-0.6939143791535324,1.0900529939735135
0.6939143791535324,-1.0900529939735135
-0.6961940280603337,1.0792230384203516
0.6961940280603337,-1.0792230384203516
-0.6984188405121325,1.0683080767292472
0.6984188405121325,-1.0683080767292472
-0.7005876079044077,1.0573073879840071
0.7005876079044077,-1.0573073879840071
-0.7026990861434405,1.0462202400375322
0.7026990861434405,-1.0462202400375322
-0.7047519942446161,1.0350458893823924
0.7047519942446161,-1.0350458893823924
-0.7067450128622782,1.0237835810283258
0.7067450128622782,-1.0237835810283258
-0.708676782747177,1.0124325483878183
0.708676782747177,-1.0124325483878183
-0.7105459031272874,1.0009920131710552
0.7105459031272874,-1.0009920131710552
-0.7123509300074917,0.9894611852916794
0.7123509300074917,-0.9894611852916794
-0.7140903743833213,0.9778392627849514
0.7140903743833213,-0.9778392627849514
-0.7157627003636227,0.9661254317400928
0.7157627003636227,-0.9661254317400928
-0.7173663231966662,0.9543188662487861
0.7173663231966662,-0.9543188662487861
-0.7188996071938405,0.9424187283720339
0.7188996071938405,-0.9424187283720339
-0.7203608635446692,0.9304241681278225
0.7203608635446692,-0.9304241681278225
-0.7217483480164524,0.9183343235023158
0.7217483480164524,-0.9183343235023158
-0.7230602585313681,0.9061483204876074
0.7230602585313681,-0.9061483204876074
-0.7242947326133642,0.8938652731494048
0.7242947326133642,-0.8938652731494048
-0.7254498446966278,0.8814842837284002
0.7254498446966278,-0.8814842837284002
-0.7265236032868364,0.8690044427795076
0.7265236032868364,-0.8690044427795076
-0.727513947965764,0.8564248293536234
0.727513947965764,-0.8564248293536234
-0.7284187462291364,0.843744511227096
0.7284187462291364,-0.843744511227096
-0.729235790146902,0.8309625451846887
0.729235790146902,-0.8309625451846887
-0.7299627928342923,0.8180779773624797
0.7299627928342923,-0.8180779773624797
-0.7305973847212015,0.805089843657891
0.7305973847212015,-0.805089843657891
-0.7311371096064969,0.7919971702148709
0.7311371096064969,-0.7919971702148709
-0.7315794204828888,0.7787989739931857
0.7315794204828888,-0.7787989739931857
-0.7319216751169255,0.7654942634318318
0.7319216751169255,-0.7654942634318318
-0.7321611313675369,0.7520820392177506
0.7321611313675369,-0.7520820392177506
-0.7322949422253197,0.7385612951723529
0.7322949422253197,-0.7385612951723529
-0.7323201505534331,0.7249310192698488
0.7323201505534331,-0.7249310192698488
-0.7322336835095539,0.7111901948030525
0.7322336835095539,-0.7111901948030525
-0.7320323466268058,0.6973378017142138
0.7320323466268058,-0.6973378017142138
-0.7317128175299453,0.6833728181105588
0.7317128175299453,-0.6833728181105588
-0.7312716392613223,0.6692942219866137
0.7312716392613223,-0.6692942219866137
-0.7307052131892575,0.6551009931780963
0.7307052131892575,-0.6551009931780963
-0.730009791469469,0.6407921155752168
0.730009791469469,-0.6407921155752168
-0.7291814690280399,0.6263665796266866
0.7291814690280399,-0.6263665796266866
-0.728216175032147,0.6118233851696511
0.728216175032147,-0.6118233851696511
-0.7271096638123592,0.5971615446251899
0.7271096638123592,-0.5971615446251899
-0.7258575051977784,0.5823800866040619
0.7258575051977784,-0.5823800866040619
-0.7244550742226247,0.5674780599730651
0.7244550742226247,-0.5674780599730651
-0.7228975401600919,0.5524545384388596
0.7228975401600919,-0.5524545384388596
-0.7211798548364169,0.5373086257134555
0.7211798548364169,-0.5373086257134555
-0.7192967401751574,0.5220394613339264
0.7192967401751574,-0.5220394613339264
-0.7172426749186875,0.5066462272184263
0.7172426749186875,-0.5066462272184263
-0.7150118804709442,0.4911281550514143
0.7150118804709442,-0.4911281550514143
-0.7125983058025711,0.4754845346033321
0.7125983058025711,-0.4754845346033321
-0.7099956113568809,0.45971472310403694
0.7099956113568809,-0.45971472310403694
-0.7071971518926282,0.4438181558053222
0.7071971518926282,-0.4438181558053222
-0.7041959581975901,0.42779435788614323
0.7041959581975901,-0.42779435788614323
-0.7009847176056038,0.4116429578750183
0.7009847176056038,-0.4116429578750183
-0.6975557532492517,0.3953637027878664
0.6975557532492517,-0.3953637027878664
-0.6939010019811511,0.3789564752066822
0.6939010019811511,-0.3789564752066822
-0.6900119908992098,0.36242131255539106
0.6900119908992098,-0.36242131255539106
-0.6858798124157821,0.3457584288644952
0.6858798124157821,-0.3457584288644952
-0.6814950978180736,0.32896823935627584
0.6814950978180736,-0.32896823935627584
-0.676847989278242,0.3120513882279886
0.676847989278242,-0.3120513882279886
-0.6719281102875007,0.2950087800623425
0.6719281102875007,-0.2950087800623425
-0.6667245345104859,0.2778416153533031
0.6667245345104859,-0.2778416153533031
-0.6612257530858887,0.26055143070163345
0.6612257530858887,-0.26055143070163345
-0.6554196404389792,0.24314014430929642
0.6554196404389792,-0.24314014430929642
-0.6492934187237837,0.22561010748554783
0.6492934187237837,-0.22561010748554783
-0.6428336210805846,0.20796416297075965
0.6428336210805846,-0.20796416297075965
-0.636026053982113,0.19020571098700773
0.636026053982113,-0.19020571098700773
-0.6288557590542764,0.17233878403710123
0.6288557590542764,-0.17233878403710123
-0.6213069749005865,0.15436813159527465
0.6213069749005865,-0.15436813159527465
-0.6133630996410149,0.13629931596151765
0.6133630996410149,-0.13629931596151765
-0.605006655104745,0.1181388206844407
0.605006655104745,-0.1181388206844407
-0.5962192539028457,0.099894173089676
0.5962192539028457,-0.099894173089676
-0.5869815709637786,0.08157408257437945
0.5869815709637786,-0.08157408257437945
-0.5772733215563388,0.06318859643195147
0.5772733215563388,-0.06318859643195147
-0.5670732483673496,0.04474927503802741
0.5670732483673496,-0.04474927503802741
-0.5563591208628184,0.026269388235636446
0.5563591208628184,-0.026269388235636446
-0.5451077509593208,0.00776413467169549
0.5451077509593208,-0.00776413467169549
-0.5332950299837842,-0.010749114385455283
0.5332950299837842,0.010749114385455283
-0.520895993016964,-0.029250545635759965
0.520895993016964,0.029250545635759965
-0.5078849180022034,-0.047717608322873334
0.5078849180022034,0.047717608322873334
-0.494235468443972,-0.06612469343367187
0.494235468443972,0.06612469343367187
-0.4799208900815149,-0.08444278971003528
0.4799208900815149,0.08444278971003528
-0.46491427352264586,-0.10263912084322895
0.46491427352264586,0.10263912084322895
-0.449188896323256,-0.12067677119495121
0.449188896323256,0.12067677119495121
-0.43271865917926133,-0.13851431131722858
0.43271865917926133,0.13851431131722858
-0.4154786314310041,-0.15610543956623443
0.4154786314310041,0.15610543956623443
-0.3974457205038098,-0.17339866229661866
0.3974457205038098,0.17339866229661866
-0.3785994776118652,-0.19033704242230204
0.3785994776118652,0.19033704242230204
-0.35892304728422875,-0.20685805424583545
0.35892304728422875,0.20685805424583545
-0.33840426019178893,-0.2228935907490558
0.33840426019178893,0.2228935907490558
-0.3170368565593414,-0.23837017687835307
0.3170368565593414,0.23837017687835307
-0.29482181059690526,-0.2532094470364988
0.29482181059690526,0.2532094470364988
-0.2717687049416576,-0.26732894469555174
0.2717687049416576,0.26732894469555174
-0.2478970791688282,-0.28064329402344496
0.2478970791688282,0.28064329402344496
-0.22323765059244827,-0.29306577494138913
0.22323765059244827,0.29306577494138913
-0.1978332831767323,-0.3045103021958067
0.1978332831767323,0.3045103021958067
-0.17173956735101303,-0.31489376586538365
0.17173956735101303,0.31489376586538365
-0.14502487652193052,-0.3241386383510334
0.14502487652193052,0.3241386383510334
-0.11776979077855623,-0.3321756982469316
0.11776979077855623,0.3321756982469316
-0.09006582707238953,-0.3389466749670636
0.09006582707238953,0.3389466749670636
-0.062013484934207136,-0.3444065915992552
0.062013484934207136,0.3444065915992552
-0.0337196980240228,-0.34852558744505857
0.0337196980240228,0.34852558744505857
-0.005294859719412192,-0.3512900407859033
0.005294859719412192,0.3512900407859033
0.023150350900189416,-0.3527028829900346
-0.023150350900189416,0.3527028829900346
0.05150809105284179,-0.3527830850971544
-0.05150809105284179,0.3527830850971544
0.07967618573387109,-0.35156439001770873
-0.07967618573387109,0.35156439001770873
0.10756047772549858,-0.34909343971964363
-0.10756047772549858,0.34909343971964363
0.13507657536155815,-0.34542749441236525
-0.13507657536155815,0.34542749441236525
0.16215095451190598,-0.34063195495194365
-0.16215095451190598,0.34063195495194365
0.18872144102374228,-0.33477788373598144
-0.18872144102374228,0.33477788373598144
0.21473715220257858,-0.3279396820951816
-0.21473715220257858,0.3279396820951816
0.24015800677720134,-0.32019303455353465
-0.24015800677720134,0.32019303455353465
0.26495392330477524,-0.3116131821882061
-0.26495392330477524,0.3116131821882061
0.2891038215788554,-0.3022735456263956
-0.2891038215788554,0.3022735456263956
0.3125945259948238,-0.29224468654355995
-0.3125945259948238,0.29224468654355995
0.3354196493533748,-0.2815935755934683
-0.3354196493533748,0.2815935755934683
0.35757851437640437,-0.27038312333069536
-0.35757851437640437,0.27038312333069536
0.3790751509410935,-0.2586719267789742
-0.3790751509410935,0.2586719267789742
0.3999173910713855,-0.24651418556152505
-0.3999173910713855,0.24651418556152505
0.4201160714575689,-0.23395974590154475
-0.4201160714575689,0.23395974590154475
0.43968434449139915,-0.22105423673008567
-0.43968434449139915,0.22105423673008567
0.4586370929811336,-0.20783926848875423
-0.4586370929811336,0.20783926848875423
0.47699044021913833,-0.19435267128500944
-0.47699044021913833,0.19435267128500944
0.4947613453073277,-0.1806287544661512
-0.4947613453073277,0.1806287544661512
0.5119672730803041,-0.1666985742645197
-0.5119672730803041,0.1666985742645197
0.5286259281864961,-0.152590199912434
-0.5286259281864961,0.152590199912434
0.5447550435811933,-0.13832897159286361
-0.5447550435811933,0.13832897159286361
0.5603722146289613,-0.12393774588114803
-0.5603722146289613,0.12393774588114803
0.5754947710548456,-0.10943712605652717
-0.5754947710548456,0.10943712605652717
0.5901396800265216,-0.09484567592851195
-0.5901396800265216,0.09484567592851195
0.6043234746346847,-0.08018011672942771
-0.6043234746346847,0.08018011672942771
0.6180622029351818,-0.06545550725346555
-0.6180622029351818,0.06545550725346555
0.6313713935103321,-0.05068540784208339
-0.6313713935103321,0.05068540784208339
0.6442660341966661,-0.035882029079749446
-0.6442660341966661,0.035882029079749446
0.6567605612167889,-0.021056366215128325
-0.6567605612167889,0.021056366215128325
0.6688688564527759,-0.0062183203933521315
-0.6688688564527759,0.0062183203933521315
0.6806042510175361,0.008623192200461979
-0.6806042510175361,-0.008623192200461979
0.6919795336294015,0.02346014220951578
-0.6919795336294015,-0.02346014220951578
0.7030069625838185,0.03828529895608819
-0.7030069625838185,-0.03828529895608819
0.7136982803536311,0.05309215130758353
-0.7136982803536311,-0.05309215130758353
0.7240647300442269,0.0678748366606545
-0.7240647300442269,-0.0678748366606545
0.7341170730888831,0.08262807721907862
-0.7341170730888831,-0.08262807721907862
0.7438656076991242,0.09734712281364906
-0.7438656076991242,-0.09734712281364906
0.7533201876899428,0.11202769958247678
-0.7533201876899428,-0.11202769958247678
0.7624902413847104,0.12666596389647033
-0.7624902413847104,-0.12666596389647033
0.7713847903731305,0.1412584609766116
-0.7713847903731305,-0.1412584609766116
0.7800124679506709,0.1558020877066371
-0.7800124679506709,-0.1558020877066371
0.7883815371120508,0.17029405919678908
-0.7883815371120508,-0.17029405919678908
0.7964999080065766,0.18473187870152982
-0.7964999080065766,-0.18473187870152982
0.8043751547911147,0.19911331053673767
-0.8043751547911147,-0.19911331053673767
0.8120145318386184,0.21343635568021765
-0.8120145318386184,-0.21343635568021765
0.8194249892775117,0.22769922977368587
-0.8194249892775117,-0.22769922977368587
0.8266131878507984,0.24190034327506668
-0.8266131878507984,-0.24190034327506668
0.8335855130942417,0.2560382835373067
-0.8335855130942417,-0.2560382835373067
0.840348088840964,0.27011179861428414
-0.840348088840964,-0.27011179861428414
0.8469067900658328,0.2841197826160789
-0.8469067900658328,-0.2841197826160789
0.8532672550874278,0.2980612624551471
-0.8532672550874278,-0.2980612624551471
0.8594348971485553,0.3119353858420783
-0.8594348971485553,-0.3119353858420783
0.8654149153984366,0.32574141040483057
-0.8654149153984366,-0.32574141040483057
0.871212305301081,0.33947869381885704
-0.871212305301081,-0.33947869381885704
0.8768318684951029,0.3531466848475465
-0.8768318684951029,-0.3531466848475465
0.8822782221305289,0.36674491520306723
-0.8822782221305289,-0.36674491520306723
0.8875558077080398,0.3802729921471849
-0.8875558077080398,-0.3802729921471849
0.8926688994457238,0.3937305917600548
-0.8926688994457238,-0.3937305917600548
0.8976216121978314,0.4071174528124841
-0.8976216121978314,-0.4071174528124841
0.9024179089492862,0.42043337118383317
-0.9024179089492862,-0.42043337118383317
0.9070616079088627,0.4336781947736643
-0.9070616079088627,-0.4336781947736643
0.911556389223027,0.4468518188605409
-0.911556389223027,-0.4468518188605409
0.9159058013314756,0.45995418186609727
-0.9159058013314756,-0.45995418186609727
0.9201132669844296,0.4729852614867129
-0.9201132669844296,-0.4729852614867129
0.9241820889407543,0.4859450711588811
-0.9241820889407543,-0.4859450711588811
0.9281154553649992,0.4988336568277245
-0.9281154553649992,-0.4988336568277245
0.9319164449404964,0.5116510939911117
-0.9319164449404964,-0.5116510939911117
0.9355880317147222,0.524397484994518
-0.9355880317147222,-0.524397484994518
0.939133089692225,0.5370729565541823
-0.939133089692225,-0.5370729565541823
0.9425543971895602,0.5496776574882685
-0.9425543971895602,-0.5496776574882685
0.9458546409658386,0.562211756637677
-0.9458546409658386,-0.562211756637677
0.9490364201417062,0.5746754409598893
-0.9490364201417062,-0.5746754409598893
0.952102249918823,0.5870689137807915
-0.952102249918823,-0.5870689137807915
0.9550545651111898,0.5993923931908252
-0.9550545651111898,-0.5993923931908252
0.957895723499002,0.6116461105730802
-0.957895723499002,-0.6116461105730802
0.9606280090150668,0.6238303092520802
-0.9606280090150668,-0.6238303092520802
0.9632536347732229,0.6359452432530397
-0.9632536347732229,-0.6359452432530397
0.9657747459476288,0.647991176162296
-0.9657747459476288,-0.647991176162296
0.9681934225112588,0.6599683800804548
-0.9681934225112588,-0.6599683800804548
0.9705116818414385,0.671877134660546
-0.9705116818414385,-0.671877134660546
0.9727314811997821,0.6837177262241648
-0.9727314811997821,-0.6837177262241648
0.9748547200934523,0.6954904469491959
-0.9748547200934523,-0.6954904469491959
0.9768832425242451,0.7071955941232739
-0.9768832425242451,-0.7071955941232739
0.9788188391316155,0.7188334694576439
-0.9788188391316155,-0.7188334694576439
0.9806632492353914,0.730404378456543
-0.9806632492353914,-0.730404378456543
0.9824181627835814,0.7419086298376435
-0.9824181627835814,-0.7419086298376435
0.9840852222103619,0.7533465349994763
-0.9840852222103619,-0.7533465349994763
0.985666024209026,0.764718407532099
-0.985666024209026,-0.764718407532099
0.9871621214243956,0.776024562767584
-0.9871621214243956,-0.776024562767584
0.9885750240689327,0.787265317367192
-0.9885750240689327,-0.787265317367192
0.9899062014665386,0.7984409889423498
-0.9899062014665386,-0.7984409889423498
0.9911570835277971,0.8095518957067958
-0.9911570835277971,-0.8095518957067958
0.9923290621601998,0.8205983561574639
-0.9923290621601998,-0.8205983561574639
0.9934234926166869,0.831580688781884
-0.9934234926166869,-0.831580688781884
0.9944416947856474,0.8424992117900453
-0.9944416947856474,-0.8424992117900453
0.9953849544253386,0.8533542428688458
-0.9953849544253386,-0.8533542428688458
0.9962545243455232,0.8641460989573903
-0.9962545243455232,-0.8641460989573903
0.997051625538957,0.874875096041546
-0.997051625538957,-0.874875096041546
0.9977774482652165,0.8855415489662847
-0.9977774482652165,-0.8855415489662847
0.9984331530892162,0.8961457712644588
-0.9984331530892162,-0.8961457712644588
0.9990198718766314,0.9066880750007641
-0.9990198718766314,-0.9066880750007641
0.9995387087483248,0.9171687706297377
-0.9995387087483248,-0.9171687706297377
0.9999907409957554,0.9275881668667304
-0.9999907409957554,-0.9275881668667304
1.0003770199592412,0.9379465705708734
-1.0003770199592412,-0.9379465705708734
1.000698571870849,0.948244286639134
-1.000698571870849,-0.948244286639134
1.0009563986635808,0.9584816179106256
-1.0009563986635808,-0.9584816179106256
1.0011514787484468,0.9686588650803981
-1.0011514787484468,-0.9686588650803981
1.0012847677609211,0.9787763266219958
-1.0012847677609211,-0.9787763266219958
1.0013571992782015,0.9888342987181218
-1.0013571992782015,-0.9888342987181218
1.0013696855086198,0.9988330751987986
-1.0013696855086198,-0.9988330751987986
1.0013231179544761,1.0087729474864588
-1.0013231179544761,-1.0087729474864588
1.001218368049506,1.018654204547443
-1.001218368049506,-1.018654204547443
1.0010562877721259,1.0284771328494198
-1.0010562877721259,-1.0284771328494198
1.0008377102355446,1.0382420163242807
-1.0008377102355446,-1.0382420163242807
1.00056345025577,1.047949136336091
-1.00056345025577,-1.047949136336091
1.0002343048984916,1.0575987716537143
-1.0002343048984916,-1.0575987716537143
0.9998510540057659,1.067191198427751
-0.9998510540057659,-1.067191198427751
0.9994144607033894,1.0767266901714605
-0.9994144607033894,-1.0767266901714605
0.9989252718897955,1.086205517745361
-0.9989252718897955,-1.086205517745361
0.9983842187072736,1.0956279493452188
-0.9983842187072736,-1.0956279493452188
0.9977920169962657,1.1049942504931654
-0.9977920169962657,-1.1049942504931654
0.9971493677334635,1.1143046840316957
-0.9971493677334635,-1.1143046840316957
0.9964569574543881,1.1235595101203197
-0.9964569574543881,-1.1235595101203197
0.9957154586611069,1.1327589862346563
-0.9957154586611069,-1.1327589862346563
0.9949255302157061,1.1419033671677727
-0.9949255302157061,-1.1419033671677727
0.9940878177201109,1.1509929050335874
-0.9940878177201109,-1.1509929050335874
0.9932029538828157,1.160027849272167
-0.9932029538828157,-1.160027849272167
0.9922715588730594,1.1690084466567596
-0.9922715588730594,-1.1690084466567596
0.9912942406629589,1.1779349413024196
-0.9912942406629589,-1.1779349413024196
0.990271595358085,1.1868075746760867
-0.990271595358085,-1.1868075746760867
0.9892042075169472,1.1956265856079942
-0.9892042075169472,-1.1956265856079942
0.9880926504598295,1.2043922103042897
-0.9880926504598295,-1.2043922103042897
0.9869374865673997,1.2131046823607576
-0.9869374865673997,-1.2131046823607576
0.9857392675694948,1.2217642327775453
-0.9857392675694948,-1.2217642327775453
0.9844985348244701,1.2303710899747957
-0.9844985348244701,-1.2303710899747957
0.9832158195894759,1.238925479809103
-0.9832158195894759,-1.238925479809103
0.9818916432820157,1.247427625590706
-0.9818916432820157,-1.247427625590706
0.9805265177331212,1.2558777481013486
-0.9805265177331212,-1.2558777481013486
0.9791209454324623,1.264276065612733
-0.9791209454324623,-1.264276065612733
0.9776754197657025,1.2726227939055048
-0.9776754197657025,-1.2726227939055048
0.9761904252443893,1.2809181462887074
-0.9761904252443893,-1.2809181462887074
0.9746664377286617,1.2891623336196498
-0.9746664377286617,-1.2891623336196498
0.9731039246430426,1.2973555643241375
-0.9731039246430426,-1.2973555643241375
0.9715033451855734,1.3054980444170174
-0.9715033451855734,-1.3054980444170174
0.9698651505305342,1.3135899775229918
-0.9698651505305342,-1.3135899775229918
0.9681897840249888,1.3216315648976609
-0.9681897840249888,-1.3216315648976609
0.9664776813793751,1.3296230054487548
-0.9664776813793751,-1.3296230054487548
0.9647292708523606,1.3375644957575206
-0.9647292708523606,-1.3375644957575206
0.9629449734301678,1.3454562301002306
-0.9629449734301678,-1.3454562301002306
0.9611252030005675,1.3532984004697814
-0.9611252030005675,-1.3532984004697814
0.959270366521731,1.3610911965973564
-0.959270366521731,-1.3610911965973564
0.9573808641861233,1.3688348059741253
-0.9573808641861233,-1.3688348059741253
0.9554570895796105,1.376529413872956
-0.9554570895796105,-1.376529413872956
0.9534994298359508,1.3841752033701187
-0.9534994298359508,-1.3841752033701187
0.9515082657868295,1.3917723553669588
-0.9515082657868295,-1.3917723553669588
0.9494839721075911,1.3993210486115228
-0.9494839721075911,-1.3993210486115228
0.9474269174588186,1.4068214597201176
-0.9474269174588186,-1.4068214597201176
0.9453374646239008,1.4142737631987883
-0.9453374646239008,-1.4142737631987883
0.943215970642725,1.4216781314647002
-0.943215970642725,-1.4216781314647002
0.9410627869416259,1.4290347348674108
-0.9410627869416259,-1.4290347348674108
0.9388782594597176,1.4363437417100193
-0.9388782594597176,-1.4363437417100193
0.9366627287717287,1.4436053182701838
-0.9366627287717287,-1.4436053182701838
0.934416530207459,1.450819628820995
-0.934416530207459,-1.450819628820995
0.9321399939679669,1.4579868356516956
-0.9321399939679669,-1.4579868356516956
0.9298334452385987,1.4651070990882413
-0.9298334452385987,-1.4651070990882413
0.9274972042989604,1.4721805775136896
-0.9274972042989604,-1.4721805775136896
0.9251315866299343,1.4792074273884153
-0.9251315866299343,-1.4792074273884153
0.9227369030178337,1.4861878032701423
-0.9227369030178337,-1.4861878032701423
0.9203134596557909,1.4931218578337888
-0.9203134596557909,-1.4931218578337888
0.9178615582424647,1.5000097418911187
-0.9178615582424647,-1.5000097418911187
0.9153814960781557,1.5068516044101958
-0.9153814960781557,-1.5068516044101958
0.9128735661584091,1.5136475925346382
-0.9128735661584091,-1.5136475925346382
0.9103380572651869,1.5203978516026664
-0.9103380572651869,-1.5203978516026664
0.9077752540556845,1.5271025251659447
-0.9077752540556845,-1.5271025251659447
0.9051854371488655,1.5337617550082119
-0.9051854371488655,-1.5337617550082119
0.902568883209787,1.5403756811636995
-0.902568883209787,-1.5403756811636995
0.8999258650317827,1.5469444419353364
-0.8999258650317827,-1.5469444419353364
0.8972566516165699,1.5534681739127365
-0.8972566516165699,-1.5534681739127365
0.8945615082523448,1.5599470119899699
-0.8945615082523448,-1.5599470119899699
0.8918406965899278,1.566381089383116
-0.8918406965899278,-1.566381089383116
0.8890944747170163,1.5727705376475984
-0.8890944747170163,-1.5727705376475984
0.8863230972306047,1.5791154866952992
-0.8863230972306047,-1.5791154866952992
0.8835268153076242,1.585416064811456
-0.8835268153076242,-1.585416064811456
0.8807058767738588,1.5916723986713377
-0.8807058767738588,-1.5916723986713377
0.8778605261711855,1.5978846133567028
-0.8778605261711855,-1.5978846133567028
0.8749910048231911,1.604052832372038
-0.8749910048231911,-1.604052832372038
0.8720975508992126,1.6101771776605784
-0.8720975508992126,-1.6101771776605784
0.8691803994768467,1.6162577696201115
-0.8691803994768467,-1.6162577696201115
0.866239782602975,1.622294727118563
-0.866239782602975,-1.622294727118563
0.8632759293533468,1.6282881675093683
-0.8632759293533468,-1.6282881675093683
0.860289065890762,1.6342382066466286
-0.860289065890762,-1.6342382066466286
0.8572794155218932,1.6401449589000527
-0.8572794155218932,-1.6401449589000527
0.8542471987527888,1.6460085371696895
-0.8542471987527888,-1.6460085371696895
0.8511926333430916,1.651829052900446
-0.8511926333430916,-1.651829052900446
0.8481159343590127,1.6576066160963987
-0.8481159343590127,-1.6576066160963987
0.8450173142250927,1.663341335334896
-0.8450173142250927,-1.663341335334896
0.841896982774788,1.6690333177804548
-0.841896982774788,-1.6690333177804548
0.8387551472999113,1.6746826691984518
-0.8387551472999113,-1.6746826691984518
0.8355920125989625,1.6802894939686124
-0.8355920125989625,-1.6802894939686124
0.832407781024378,1.6858538950982984
-0.832407781024378,-1.6858538950982984
0.8292026525287287,1.6913759742355963
-0.8292026525287287,-1.6913759742355963
0.825976824709898,1.6968558316822069
-0.825976824709898,-1.6968558316822069
0.8227304928552649,1.7022935664061414
-0.8227304928552649,-1.7022935664061414
0.8194638499849218,1.707689276054221
-0.8194638499849218,-1.707689276054221
0.8161770868939521,1.7130430569643866
-0.8161770868939521,-1.7130430569643866
0.8128703921937932,1.7183550041778168
-0.8128703921937932,-1.7183550041778168
0.8095439523527111,1.7236252114508588
-0.8095439523527111,-1.7236252114508588
0.8061979517354086,1.7288537712667724
-0.8061979517354086,-1.7288537712667724
0.8028325726417915,1.7340407748472901
-0.8028325726417915,-1.7340407748472901
0.7994479953449153,1.7391863121639946
-0.7994479953449153,-1.7391863121639946
0.7960443981281342,1.7442904719495156
-0.7960443981281342,-1.7442904719495156
0.7926219573214738,1.7493533417085492
-0.7926219573214738,-1.7493533417085492
0.7891808473372469,1.7543750077286993
-0.7891808473372469,-1.7543750077286993
0.7857212407049347,1.7593555550911457
-0.7857212407049347,-1.7593555550911457
0.7822433081053495,1.764295067681139
-0.7822433081053495,-1.764295067681139
0.7787472184041018,1.7691936281983252
-0.7787472184041018,-1.7691936281983252
0.7752331386843856,1.7740513181669002
-0.7752331386843856,-1.7740513181669002
0.7717012342791033,1.7788682179455997
-0.7717012342791033,-1.7788682179455997
0.7681516688023446,1.7836444067375228
-0.7681516688023446,-1.7836444067375228
0.7645846041802384,1.7883799625997923
-0.7645846041802384,-1.7883799625997923
0.7610002006811919,1.7930749624530542
-0.7610002006811919,-1.7930749624530542
0.7573986169455339,1.797729482090819
-0.7573986169455339,-1.797729482090819
0.7537800100145772,1.8023435961886431
-0.7537800100145772,-1.8023435961886431
0.7501445353591145,1.8069173783131574
-0.7501445353591145,-1.8069173783131574
0.7464923469073632,1.811450900930939
-0.7464923469073632,-1.811450900930939
0.7428235970723717,1.8159442354172342
-0.7428235970723717,-1.8159442354172342
0.7391384367789022,1.8203974520645285
-0.7391384367789022,-1.8203974520645285
0.7354370154898029,1.8248106200909693
-0.7354370154898029,-1.8248106200909693
0.7317194812318808,1.8291838076486417
-0.7317194812318808,-1.8291838076486417
0.7279859806212908,1.8335170818316995
-0.7279859806212908,-1.8335170818316995
0.7242366588884501,1.8378105086843515
-0.7242366588884501,-1.8378105086843515
0.7204716599024914,1.842064153208708
-0.7204716599024914,-1.842064153208708
0.7166911261952664,1.846278079372486
-0.7166911261952664,-1.846278079372486
0.7128951989849099,1.8504523501165753
-0.7128951989849099,-1.8504523501165753
0.7090840181989764,1.8545870273624694
-0.7090840181989764,-1.8545870273624694
0.7052577224971586,1.85868217201956
-0.7052577224971586,-1.85868217201956
0.7014164492935998,1.8627378439922984
-0.7014164492935998,-1.8627378439922984
0.6975603347788085,1.8667541021872227
-0.6975603347788085,-1.8667541021872227
0.6936895139411856,1.8707310045198577
-0.6936895139411856,-1.8707310045198577
0.6898041205881742,1.8746686079214825
-0.6898041205881742,-1.8746686079214825
0.6859042873670409,1.878566968345771
-0.6859042873670409,-1.878566968345771
0.6819901457852974,1.8824261407753078
-0.6819901457852974,-1.8824261407753078
0.6780618262307709,1.8862461792279759
-0.6780618262307709,-1.8862461792279759
0.6741194579913334,1.890027136763224
-0.6741194579913334,-1.890027136763224
0.6701631692742962,1.8937690654882096
-0.6701631692742962,-1.8937690654882096
0.6661930872254788,1.897472016563821
-0.6661930872254788,-1.897472016563821
0.6622093379479606,1.901136040210582
-0.6622093379479606,-1.901136040210582
0.6582120465205217,1.9047611857144344
-0.6582120465205217,-1.9047611857144344
0.6542013370157821,1.9083475014324078
-0.6542013370157821,-1.9083475014324078
0.6501773325180445,1.91189503479817
-0.6501773325180445,-1.91189503479817
0.6461401551408501,1.9154038323274643
-0.6461401551408501,-1.9154038323274643
0.6420899260442525,1.9188739396234331
-0.6420899260442525,-1.9188739396234331
0.6380267654518182,1.9223054013818301
-0.6380267654518182,-1.9223054013818301
0.6339507926673587,1.9256982613961198
-0.6339507926673587,-1.9256982613961198
0.6298621260914015,1.929052562562467
-0.6298621260914015,-1.929052562562467
0.6257608832374072,1.9323683468846193
-0.6257608832374072,-1.9323683468846193
0.621647180747737,1.9356456554786796
-0.621647180747737,-1.9356456554786796
0.6175211344093775,1.9388845285777725
-0.6175211344093775,-1.9388845285777725
0.6133828591694301,1.9420850055366055
-0.6133828591694301,-1.9420850055366055
0.6092324691503681,1.945247124835924
-0.6092324691503681,-1.945247124835924
0.6050700776650689,1.9483709240868639
-0.6050700776650689,-1.9483709240868639
0.6008957972316268,1.9514564400352001
-0.6008957972316268,-1.9514564400352001
0.5967097395879508,1.9545037085654944
-0.5967097395879508,-1.9545037085654944
0.5925120157061536,1.95751276470514
-0.5925120157061536,-1.95751276470514
0.5883027358067363,1.960483642628309
-0.5883027358067363,-1.960483642628309
0.5840820093725738,1.9634163756597975
-0.5840820093725738,-1.9634163756597975
0.5798499451627068,1.9663109962787746
-0.5798499451627068,-1.9663109962787746
0.5756066512259439,1.9691675361224321
-0.5756066512259439,-1.9691675361224321
0.5713522349142789,1.9719860259895385
-0.5713522349142789,-1.9719860259895385
0.5670868028961285,1.974766495843896
-0.5670868028961285,-1.974766495843896
0.5628104611693941,1.9775089748177026
-0.5628104611693941,-1.9775089748177026
0.5585233150743533,1.9802134912148202
-0.5585233150743533,-1.9802134912148202
0.5542254693063824,1.982880072513947
-0.5542254693063824,-1.982880072513947
0.5499170279285193,1.9855087453716993
-0.5499170279285193,-1.9855087453716993
0.5455980943838653,1.9880995356255984
-0.5455980943838653,-1.9880995356255984
0.5412687715078341,1.990652468296967
-0.5412687715078341,-1.990652468296967
0.5369291615402494,1.993167567593734
-0.5369291615402494,-1.993167567593734
0.5325793661372964,1.9956448569131482
-0.5325793661372964,-1.9956448569131482
0.5282194863833306,1.998084358844403
-0.5282194863833306,-1.998084358844403
0.5238496228025475,2.000486095171171
-0.5238496228025475,-2.000486095171171
0.5194698753705168,2.0028500868740484
-0.5194698753705168,-2.0028500868740484
0.515080343525585,2.0051763541329146
-0.515080343525585,-2.0051763541329146
0.5106811261801498,2.0074649163291998
-0.5106811261801498,-2.0074649163291998
0.5062723217318105,2.009715792048067
-0.5062723217318105,-2.009715792048067
0.5018540280743954,2.011928999080508
-0.5018540280743954,-2.011928999080508
0.49742634260887303,2.014104554425351
-0.49742634260887303,-2.014104554425351
0.4929893622541479,2.016242474291184
-0.4929893622541479,-2.016242474291184
0.4885431834577448,2.018342774098192
-0.4885431834577448,-2.018342774098192
0.484087902206385,2.0204054684799058
-0.484087902206385,-2.0204054684799058
0.47962361403645754,2.0224305712848722
-0.47962361403645754,-2.0224305712848722
0.4751504140443882,2.0244180955782345
-0.4751504140443882,-2.0244180955782345
0.4706683968969094,2.0263680536432305
-0.4706683968969094,-2.0263680536432305
0.4661776568412347,2.028280456982607
-0.4661776568412347,-2.028280456982607
0.46167828771513914,2.03015531631995
-0.46167828771513914,-2.03015531631995
0.4571703829569506,2.031992641600932
-0.4571703829569506,-2.031992641600932
0.452654035615453,2.0337924419944766
-0.452654035615453,-2.0337924419944766
0.4481293383597049,2.035554725893839
-0.4481293383597049,-2.035554725893839
0.4435963834887772,2.037279500917605
-0.4435963834887772,-2.037279500917605
0.43905526294141073,2.0389667739106083
-0.43905526294141073,-2.0389667739106083
0.434506068305598,2.040616550944763
-0.434506068305598,-2.040616550944763
0.42994889082809146,2.042228837319817
-0.42994889082809146,-2.042228837319817
0.4253838214238402,2.043803637564022
-0.4253838214238402,-2.043803637564022
0.42081095068535856,2.045340955434721
-0.42081095068535856,-2.045340955434721
0.4162303688920286,2.0468407939188564
-0.4162303688920286,-2.0468407939188564
0.4116421660193392,2.048303155233395
-0.4116421660193392,-2.048303155233395
0.40704643174806443,2.0497280408256695
-0.40704643174806443,-2.0497280408256695
0.40244325547338333,2.051115451373644
-0.40244325547338333,-2.051115451373644
0.3978327263139438,2.052465386786093
-0.3978327263139438,-2.052465386786093
0.3932149331208728,2.0537778462027005
-0.3932149331208728,-2.0537778462027005
0.3885899644867359,2.055052827994079
-0.3885899644867359,-2.055052827994079
0.3839579087544473,2.0562903297617052
-0.3839579087544473,-2.0562903297617052
0.3793188540261342,2.0574903483377756
-0.3793188540261342,-2.0574903483377756
0.37467288817195665,2.05865287978498
-0.37467288817195665,-2.05865287978498
0.37002009883888587,2.059777919396193
-0.37002009883888587,-2.059777919396193
0.36536057345944295,2.0608654616940845
-0.36536057345944295,-2.0608654616940845
0.36069439926040064,2.0619155004306484
-0.36069439926040064,-2.0619155004306484
0.3560216632714501,2.0629280285866485
-0.3560216632714501,-2.0629280285866485
0.3513424523338349,2.063903038370982
-0.3513424523338349,-2.063903038370982
0.34665685310895517,2.064840521219964
-0.34665685310895517,-2.064840521219964
0.3419649520869431,2.0657404677965228
-0.3419649520869431,-2.0657404677965228
0.33726683559521264,2.0666028679893214
-0.33726683559521264,-2.0666028679893214
0.33256258980698555,2.067427710911787
-0.33256258980698555,-2.067427710911787
0.32785230074979615,2.0682149849010654
-0.32785230074979615,-2.0682149849010654
0.3231360543139764,2.068964677516884
-0.3231360543139764,-2.068964677516884
0.31841393626112413,2.069676775540339
-0.31841393626112413,-2.069676775540339
0.3136860322325564,2.0703512649725906
-0.3136860322325564,-2.0703512649725906
0.30895242775775,2.070988131033482
-0.30895242775775,-2.070988131033482
0.30421320826277126,2.071587358160066
-0.30421320826277126,-2.071587358160066
0.2994684590786978,2.072148930005052
-0.2994684590786978,-2.072148930005052
0.294718265450034,2.0726728294351626
-0.294718265450034,-2.0726728294351626
0.2899627125431222,2.07315903852941
-0.2899627125431222,-2.07315903852941
0.2852018854545526,2.07360753857728
-0.2852018854545526,-2.07360753857728
0.2804358692195727,2.0740183100768346
-0.2804358692195727,-2.0740183100768346
0.2756647488205001,2.0743913327327217
-0.2756647488205001,-2.0743913327327217
0.2708886091951396,2.074726585454102
-0.2708886091951396,-2.074726585454102
0.2661075352452069,2.075024046352484
-0.2661075352452069,-2.075024046352484
0.2613216118447624,2.0752836927394713
-0.2613216118447624,-2.0752836927394713
0.2565309238486551,2.0755055011244212
-0.2565309238486551,-2.0755055011244212
0.2517355561009811,2.0756894472120115
-0.2517355561009811,-2.0756894472120115
0.24693559344355698,2.0758355058997173
-0.24693559344355698,-2.0758355058997173
0.24213112072441204,2.0759436512751974
-0.24213112072441204,-2.0759436512751974
0.23732222280630008,2.0760138566135864
-0.23732222280630008,-2.0760138566135864
0.23250898457523417,2.0760460943746963
-0.23250898457523417,-2.0760460943746963
0.22769149094904592,2.0760403362001227
-0.22769149094904592,-2.0760403362001227
0.22286982688597215,2.075996552910259
-0.22286982688597215,-2.075996552910259
0.21804407739327067,2.075914714501213
-0.21804407739327067,-2.075914714501213
0.21321432753586803,2.0757947901416296
-0.21321432753586803,-2.0757947901416296
0.20838066244504125,2.075636748169417
-0.20838066244504125,-2.075636748169417
0.20354316732713604,2.075440556088374
-0.20354316732713604,-2.075440556088374
0.1987019274723239,2.0752061805647197
-0.1987019274723239,-2.0752061805647197
0.19385702826340043,2.074933587423525
-0.19385702826340043,-2.074933587423525
0.18900855518462742,2.0746227416450425
-0.18900855518462742,-2.0746227416450425
0.18415659383062102,2.074273607360935
-0.18415659383062102,-2.074273607360935
0.1793012299152887,2.073886147850405
-0.1793012299152887,-2.073886147850405
0.1744425492808173,2.073460325536217
-0.1744425492808173,-2.073460325536217
0.16958063790671477,2.0729961019806185
-0.16958063790671477,-2.0729961019806185
0.16471558191890848,2.072493437881154
-0.16471558191890848,-2.072493437881154
0.15984746759890206,2.071952293066376
-0.15984746759890206,-2.071952293066376
0.15497638139299422,2.071372626491443
-0.15497638139299422,-2.071372626491443
0.1501024099215615,2.0707543962336143
-0.1501024099215615,-2.0707543962336143
0.14522563998840834,2.0700975594876327
-0.14522563998840834,-2.0700975594876327
0.14034615859018645,2.0694020725609956
-0.14034615859018645,-2.0694020725609956
0.1354640529258872,2.068667890869115
-0.1354640529258872,-2.068667890869115
0.130579410406409,2.067894968930364
-0.130579410406409,-2.067894968930364
0.12569231866420322,2.0670832603610068
-0.12569231866420322,-2.0670832603610068
0.12080286556300106,2.066232717870015
-0.12080286556300106,-2.066232717870015
0.11591113920762484,2.065343293253764
-0.11591113920762484,-2.065343293253764
0.1110172279538863,2.064414937390612
-0.1110172279538863,-2.064414937390612
0.10612122041857522,2.063447600235357
-0.10612122041857522,-2.063447600235357
0.10122320548954146,2.062441230813573
-0.10122320548954146,-2.062441230813573
0.09632327233587361,2.0613957772158216
-0.09632327233587361,-2.0613957772158216
0.09142151041817735,2.0603111865917394
-0.09142151041817735,-2.0603111865917394
0.08651800949895706,2.059187405143998
-0.08651800949895706,-2.059187405143998
0.0816128596531038,2.0580243781221355
-0.0816128596531038,-2.0580243781221355
0.07670615127849326,2.0568220498162577
-0.07670615127849326,-2.0568220498162577
0.071797975106697,2.0555803635506087
-0.071797975106697,-2.0555803635506087
0.06688842221381075,2.054299261677006
-0.06688842221381075,-2.054299261677006
0.06197758403140313,2.052978685568141
-0.06197758403140313,-2.052978685568141
0.05706555235758869,2.0516185756107417
-0.05706555235758869,-2.0516185756107417
0.05215241936822895,2.050218871198597
-0.05215241936822895,-2.050218871198597
0.04723827762826529,2.048779510725438
-0.04723827762826529,-2.048779510725438
0.04232322010318761,2.0473004315776784
-0.04232322010318761,-2.0473004315776784
0.03740734017064282,2.0457815701270063
-0.03740734017064282,-2.0457815701270063
0.0324907316321871,2.044222861722832
-0.0324907316321871,-2.044222861722832
0.027573488725186387,2.042624240684583
-0.027573488725186387,-2.042624240684583
0.02265570613486897,2.040985640293849
-0.02265570613486897,-2.040985640293849
0.017737479006534943,2.0393069927863725
-0.017737479006534943,-2.0393069927863725
0.0128189029579267,2.037588229343882
-0.0128189029579267,-2.037588229343882
0.007900074091765161,2.035829280085768
-0.007900074091765161,-2.035829280085768
0.0029810890084563555,2.0340300740605954
-0.0029810890084563555,-2.0340300740605954
-0.0019379551810268791,2.0321905392374537
0.0019379551810268791,-2.0321905392374537
-0.006856960842083181,2.030310602497141
0.006856960842083181,-2.030310602497141
-0.011775829803235962,2.028390189623178
0.011775829803235962,-2.028390189623178
-0.016694463342696596,2.0264292252926506
0.016694463342696596,-2.0264292252926506
-0.021612762174732278,2.0244276330668787
0.021612762174732278,-2.0244276330668787
-0.026530626435833184,2.0223853353819075
0.026530626435833184,-2.0223853353819075
-0.03144795567067347,2.0203022535388184
0.03144795567067347,-2.0203022535388184
-0.03636464881786046,2.0181783076938573
0.03636464881786046,-2.0181783076938573
-0.0412806041954663,2.0160134168483768
0.0412806041954663,-2.0160134168483768
-0.04619571948633617,2.0138074988385886
0.04619571948633617,-2.0138074988385886
-0.05110989172316695,2.0115604703251253
0.05110989172316695,-2.0115604703251253
-0.05602301727335027,2.009272246782405
0.05602301727335027,-2.009272246782405
-0.06093499182357343,2.0069427424877984
0.06093499182357343,-2.0069427424877984
-0.06584571036417183,2.0045718705105933
0.06584571036417183,-2.0045718705105933
-0.07075506717322608,2.0021595427007526
0.07075506717322608,-2.0021595427007526
-0.07566295580039699,1.9997056696774655
0.07566295580039699,-1.9997056696774655
-0.0805692690504915,1.9972101608174835
0.0805692690504915,-1.9972101608174835
-0.08547389896675212,1.994672924243241
0.08547389896675212,-1.994672924243241
-0.09037673681386262,1.9920938668107564
0.09037673681386262,-1.9920938668107564
-0.09527767306066234,1.9894728940973072
0.09527767306066234,-1.9894728940973072
-0.10017659736256129,1.9868099103888794
0.10017659736256129,-1.9868099103888794
-0.10507339854364788,1.9841048186673826
0.10507339854364788,-1.9841048186673826
-0.10996796457848128,1.98135752059763
0.10996796457848128,-1.98135752059763
-0.1148601825735598,1.9785679165140775
0.1148601825735598,-1.9785679165140775
-0.11974993874845653,1.9757359054073182
0.11974993874845653,-1.9757359054073182
-0.12463711841661337,1.972861384910327
0.12463711841661337,-1.972861384910327
-0.1295216059657843,1.969944251284451
0.1295216059657843,-1.969944251284451
-0.1344032848381183,1.9669843994051426
0.1344032848381183,-1.9669843994051426
-0.1392820375098724,1.963981722747428
0.1392820375098724,-1.963981722747428
-0.1441577454707445,1.960936113371108
0.1441577454707445,-1.960936113371108
-0.1490302892028163,1.9578474619056847
0.1490302892028163,-1.9578474619056847
-0.15389954815909498,1.9547156575350104
0.15389954815909498,-1.9547156575350104
-0.15876540074164341,1.9515405879816532
0.15876540074164341,-1.9515405879816532
-0.16362772427928737,1.9483221394909724
0.16362772427928737,-1.9483221394909724
-0.16848639500488827,1.9450601968149008
0.16848639500488827,-1.9450601968149008
-0.1733412880321696,1.941754643195425
0.1733412880321696,-1.941754643195425
-0.1781922773320849,1.9384053603477607
0.1781922773320849,-1.9384053603477607
-0.18303923570871442,1.9350122284432167
0.18303923570871442,-1.9350122284432167
-0.18788203477467808,1.93157512609174
0.18788203477467808,-1.93157512609174
-0.19272054492605065,1.9280939303241365
0.19272054492605065,-1.9280939303241365
-0.19755463531676606,1.924568516573962
0.19755463531676606,-1.924568516573962
-0.20238417383249627,1.920998758659077
0.20238417383249627,-1.920998758659077
-0.20720902706399033,1.917384528762855
0.20720902706399033,-1.917384528762855
-0.2120290602798585,1.9137256974150432
0.2120290602798585,-1.9137256974150432
-0.21684413739878577,1.910022133472265
0.21684413739878577,-1.910022133472265
-0.22165412096115936,1.906273704098157
0.22165412096115936,-1.906273704098157
-0.2264588721000928,1.9024802747431357
0.2264588721000928,-1.9024802747431357
-0.23125825051183063,1.8986417091237835
0.23125825051183063,-1.8986417091237835
-0.2360521144255153,1.8947578692018476
0.2360521144255153,-1.8947578692018476
-0.24084032057229876,1.8908286151628457
0.24084032057229876,-1.8908286151628457
-0.24562272415377978,1.8868538053942672
0.24562272415377978,-1.8868538053942672
-0.250399178809748,1.8828332964633632
0.250399178809748,-1.8828332964633632
-0.25516953658521435,1.8787669430945182
0.25516953658521435,-1.8787669430945182
-0.2599336478967081,1.8746545981461924
0.2599336478967081,-1.8746545981461924
-0.2646913614978185,1.870496112587427
0.2646913614978185,-1.870496112587427
-0.26944252444395983,1.8662913354739044
0.26944252444395983,-1.8662913354739044
-0.2741869820563367,1.862040113923551
0.2741869820563367,-1.862040113923551
-0.27892457788508684,1.8577422930916772
0.27892457788508684,-1.8577422930916772
-0.28365515367157673,1.8533977161456412
0.28365515367157673,-1.8533977161456412
-0.2883785493098254,1.849006224239029
0.2883785493098254,-1.849006224239029
-0.29309460280703103,1.8445676564853388
0.29309460280703103,-1.8445676564853388
-0.29780315024317267,1.8400818499311604
0.29780315024317267,-1.8400818499311604
-0.3025040257296609,1.835548639528838
0.3025040257296609,-1.835548639528838
-0.30719706136700786,1.8309678581086075
0.30719706136700786,-1.8309678581086075
