4.186560065204035e-05|8.705781939984079e-07
46430379093265.97|37426647322158.61
62382951655741.7|32374581696645.4
73997631032668.3|29849147046343.824
51496529157600.57|35536930367154.1
72105348228218.61|30190038012379.75
43390173163396.18|39494302340160.664
72105348228218.64|30190038012379.81
34247118723678.258|43688122889405.055
78267910816932.1|29151389968050.137
49368981958126.49|36630223981030.266
52838944861286.89|35984196865324.27
54246658220124.83|35319011962994.4
73811937517453.31|30132736797544.617
52533648505711.336|35461725469702.734
49383356471388.26|37399052888408.586
96729986418070.11|26441484149684.234
94232777922357.11|26590703128152.176
35214823860343.52|44665357519549.375
78267910816933.05|29151389968049.9
56559254521849.85|34817218049927.984
88142981578712.17|27494720108814.387
73997631032668.3|29849147046343.863
86416154024193.73|27884388419746.57
46430379093266.07|37426647322158.54
95147710843147.25|26610809131199.125
73811937517453.05|30132736797544.723
82922118243304.56|28564358546739.668
93221207238671.42|26587345296965.906
81495154654200.97|28357707281779.043
63705914812883.5|32441883871678.11
51496529157600.93|35536930367153.734
54639142827908.85|34464144592592.81
62382951655741.7|32374581696645.453
73816425127042.05|30323881898190.418
37451567039265.39|40866188618290.88
35967649861633.586|42109783012801.48
36936088149789.07|41965880320024.24
89811142626387.6|27137001199511.02
51496529157600.734|35536930367154.016
66348873058088.63|31393286748386.61
27517629956651.32|48663777843090.82
67194418453318.93|31504963400898.31
93799146190035.45|26569698648698.395
35214823860342.86|44665357519550.18
73811937517453.16|30132736797544.688
35214823860343.42|44665357519549.516
82225735924995.34|28287612421756.14
97851219193258.31|26270024004100.812
49383356471388.336|37399052888408.62
78267910816931.52|29151389968050.29
97851219193257.7|26270024004100.953
38326152209039.35|41803076669294.95
63705914812883.12|32441883871678.258
27517629956651.652|48663777843090.125
38216264958292.52|42791476324926.05
82616696597063.38|28504251964022.074
62382951655741.53|32374581696645.418
82616696597063.5|28504251964022.07
94232777922356.7|26590703128152.266
73997631032668.4|29849147046343.84
82496086191966.12|28373803783496.46
73997631032668.69|29849147046343.863
23345695786819.594|56103758499267.86
93799146190035.03|26569698648698.473
81495154654200.78|28357707281779.082
82225735924994.69|28287612421756.297
92394187069812.1|26675989443556.785
44006016172639.96|38640055099096.586
41017457099978.59|39344496747802.53
69794585101034.19|30968703750305.93
82922118243304.53|28564358546739.742
61465891258734.07|33369767413162.797
73811937517453.16|30132736797544.695
81495154654200.89|28357707281779.035
63705914812882.3|32441883871678.582
27517629956653.246|48663777843086.82
35967649861633.83|42109783012801.164
41290842431960.76|40548393326434.77
38216264958293.336|42791476324925.32
91256272248063.72|26857676435373.453
76237387760462.53|29735523137489.08
96729986418071.05|26441484149684.07
57800611138200.24|33799202029456.574
62382951655741.555|32374581696645.5
44006016172639.06|38640055099097.5
51496529157600.8|35536930367153.875
63705914812882.59|32441883871678.473
78267910816932.48|29151389968050.04
76237387760462.05|29735523137489.246
82496086191966.45|28373803783496.42
89811142626386.9|27137001199511.195
86416154024192.92|27884388419746.742
54639142827908.93|34464144592592.734
44504316114532.55|39380265370536.93
58305156929167.37|34034362581987.824
97851219193257.7|26270024004100.953
23345695786818.133|56103758499270.766
28636077324239.848|48583069001804.086
54639142827908.97|34464144592592.723
52533648505711.9|35461725469702.45
