2
1.989e+30
1.989e+30
-1000000.0,0.0
1000000.0,0.0
-996681.31372,663650000000.0
996681.31372,36500000000000.0
-993362.62744,1327300000000.0
993362.62744,73000000000000.0
-990043.9411599999,1990950000000.0
990043.9411599999,109500000000000.0
-986725.2548799999,2654600000000.0
986725.2548799999,146000000000000.0
-983406.5685999999,3318250000000.0
983406.5685999999,182500000000000.0
-980087.8823199999,3981900000000.0
980087.8823199999,219000000000000.0
-976769.1960399998,4645550000000.0
976769.1960399998,255500000000000.0
-973450.5097599998,5309200000000.0
973450.5097599998,292000000000000.0
-970131.8234799998,5972850000000.0
970131.8234799998,328500000000000.0
-966813.1371999998,6636500000000.0
966813.1371999998,365000000000000.0
-963494.4509199997,7300150000000.0
963494.4509199997,401500000000000.0
-960175.7646399997,7963800000000.0
960175.7646399997,438000000000000.0
-956857.0783599997,8627450000000.0
956857.0783599997,474500000000000.0
-953538.3920799997,9291100000000.0
953538.3920799997,511000000000000.0
-950219.7057999996,9954750000000.0
950219.7057999996,547500000000000.0
-946901.0195199996,10618400000000.0
946901.0195199996,584000000000000.0
-943582.3332399996,11282050000000.0
943582.3332399996,620500000000000.0
-940263.6469599996,11945700000000.0
940263.6469599996,657000000000000.0
-936944.9606799996,12609350000000.0
936944.9606799996,693500000000000.0
-933626.2743999995,13273000000000.0
933626.2743999995,730000000000000.0
-930307.5881199995,13936650000000.0
930307.5881199995,766500000000000.0
-926988.9018399995,14600300000000.0
926988.9018399995,803000000000000.0
-923670.2155599995,15263950000000.0
923670.2155599995,839500000000000.0
-920351.5292799994,15927600000000.0
920351.5292799994,876000000000000.0
-917032.8429999994,16591250000000.0
917032.8429999994,912500000000000.0
-913714.1567199994,17254900000000.0
913714.1567199994,949000000000000.0
-910395.4704399994,17918550000000.0
910395.4704399994,985500000000000.0
-907076.7841599993,18582200000000.0
907076.7841599993,1022000000000000.0
-903758.0978799993,19245850000000.0
903758.0978799993,1058500000000000.0
-900439.4115999993,19909500000000.0
900439.4115999993,1095000000000000.0
-897120.7253199993,20573150000000.0
897120.7253199993,1131500000000000.0
-893802.0390399992,21236800000000.0
893802.0390399992,1168000000000000.0
-890483.3527599992,21900450000000.0
890483.3527599992,1204500000000000.0
-887164.6664799992,22564100000000.0
887164.6664799992,1241000000000000.0
-883845.9801999992,23227750000000.0
883845.9801999992,1277500000000000.0
-880527.2939199992,23891400000000.0
880527.2939199992,1314000000000000.0
-877208.6076399991,24555050000000.0
877208.6076399991,1350500000000000.0
-873889.9213599991,25218700000000.0
873889.9213599991,1387000000000000.0
-870571.2350799991,25882350000000.0
870571.2350799991,1423500000000000.0
-867252.5487999991,26546000000000.0
867252.5487999991,1460000000000000.0
-863933.862519999,27209650000000.0
863933.862519999,1496500000000000.0
-860615.176239999,27873300000000.0
860615.176239999,1533000000000000.0
-857296.489959999,28536950000000.0
857296.489959999,1569500000000000.0
-853977.803679999,29200600000000.0
853977.803679999,1606000000000000.0
-850659.1173999989,29864250000000.0
850659.1173999989,1642500000000000.0
-847340.4311199989,30527900000000.0
847340.4311199989,1679000000000000.0
-844021.7448399989,31191550000000.0
844021.7448399989,1715500000000000.0
-840703.0585599989,31855200000000.0
840703.0585599989,1752000000000000.0
-837384.3722799988,32518850000000.0
837384.3722799988,1788500000000000.0
-834065.6859999988,33182500000000.0
834065.6859999988,1825000000000000.0
-830746.9997199988,33846150000000.0
830746.9997199988,1861500000000000.0
-827428.3134399988,34509800000000.0
827428.3134399988,1898000000000000.0
-824109.6271599988,35173450000000.0
824109.6271599988,1934500000000000.0
-820790.9408799987,35837100000000.0
820790.9408799987,1971000000000000.0
-817472.2545999987,36500750000000.0
817472.2545999987,2007500000000000.0
-814153.5683199987,37164400000000.0
814153.5683199987,2044000000000000.0
-810834.8820399987,37828050000000.0
810834.8820399987,2080500000000000.0
-807516.1957599986,38491700000000.0
807516.1957599986,2117000000000000.0
-804197.5094799986,39155350000000.0
804197.5094799986,2153500000000000.0
-800878.8231999986,39819000000000.0
800878.8231999986,2190000000000000.0
-797560.1369199986,40482650000000.0
797560.1369199986,2226500000000000.0
-794241.4506399985,41146300000000.0
794241.4506399985,2263000000000000.0
-790922.7643599985,41809950000000.0
790922.7643599985,2299500000000000.0
-787604.0780799985,42473600000000.0
787604.0780799985,2336000000000000.0
-784285.3917999985,43137250000000.0
784285.3917999985,2372500000000000.0
-780966.7055199984,43800900000000.0
780966.7055199984,2409000000000000.0
-777648.0192399984,44464550000000.0
777648.0192399984,2445500000000000.0
-774329.3329599984,45128200000000.0
774329.3329599984,2482000000000000.0
-771010.6466799984,45791850000000.0
771010.6466799984,2518500000000000.0
-767691.9603999984,46455500000000.0
767691.9603999984,2555000000000000.0
-764373.2741199983,47119150000000.0
764373.2741199983,2591500000000000.0
-761054.5878399983,47782800000000.0
761054.5878399983,2628000000000000.0
-757735.9015599983,48446450000000.0
757735.9015599983,2664500000000000.0
-754417.2152799983,49110100000000.0
754417.2152799983,2701000000000000.0
-751098.5289999982,49773750000000.0
751098.5289999982,2737500000000000.0
-747779.8427199982,50437400000000.0
747779.8427199982,2774000000000000.0
-744461.1564399982,51101050000000.0
744461.1564399982,2810500000000000.0
-741142.4701599982,51764700000000.0
741142.4701599982,2847000000000000.0
-737823.7838799981,52428350000000.0
737823.7838799981,2883500000000000.0
-734505.0975999981,53092000000000.0
734505.0975999981,2920000000000000.0
-731186.4113199981,53755650000000.0
731186.4113199981,2956500000000000.0
-727867.7250399981,54419300000000.0
727867.7250399981,2993000000000000.0
-724549.038759998,55082950000000.0
724549.038759998,3029500000000000.0
-721230.352479998,55746600000000.0
721230.352479998,3066000000000000.0
-717911.666199998,56410250000000.0
717911.666199998,3102500000000000.0
-714592.979919998,57073900000000.0
714592.979919998,3139000000000000.0
-711274.293639998,57737550000000.0
711274.293639998,3175500000000000.0
-707955.6073599979,58401200000000.0
707955.6073599979,3212000000000000.0
-704636.9210799979,59064850000000.0
704636.9210799979,3248500000000000.0
-701318.2347999979,59728500000000.0
701318.2347999979,3285000000000000.0
-697999.5485199979,60392150000000.0
697999.5485199979,3321500000000000.0
-694680.8622399978,61055800000000.0
694680.8622399978,3358000000000000.0
-691362.1759599978,61719450000000.0
691362.1759599978,3394500000000000.0
-688043.4896799978,62383100000000.0
688043.4896799978,3431000000000000.0
-684724.8033999978,63046750000000.0
684724.8033999978,3467500000000000.0
-681406.1171199977,63710400000000.0
681406.1171199977,3504000000000000.0
-678087.4308399977,64374050000000.0
678087.4308399977,3540500000000000.0
-674768.7445599977,65037700000000.0
674768.7445599977,3577000000000000.0
-671450.0582799977,65701350000000.0
671450.0582799977,3613500000000000.0
-668131.3719999976,66365000000000.0
668131.3719999976,3650000000000000.0
-664812.6857199976,67028650000000.0
664812.6857199976,3686500000000000.0
-661493.9994399976,67692300000000.0
661493.9994399976,3723000000000000.0
-658175.3131599976,68355950000000.0
658175.3131599976,3759500000000000.0
-654856.6268799976,69019600000000.0
654856.6268799976,3796000000000000.0
-651537.9405999975,69683250000000.0
651537.9405999975,3832500000000000.0
-648219.2543199975,70346900000000.0
648219.2543199975,3869000000000000.0
-644900.5680399975,71010550000000.0
644900.5680399975,3905500000000000.0
-641581.8817599975,71674200000000.0
641581.8817599975,3942000000000000.0
-638263.1954799974,72337850000000.0
638263.1954799974,3978500000000000.0
-634944.5091999974,73001500000000.0
634944.5091999974,4015000000000000.0
-631625.8229199974,73665150000000.0
631625.8229199974,4051500000000000.0
-628307.1366399974,74328800000000.0
628307.1366399974,4088000000000000.0
-624988.4503599973,74992450000000.0
624988.4503599973,4124500000000000.0
-621669.7640799973,75656100000000.0
621669.7640799973,4161000000000000.0
-618351.0777999973,76319750000000.0
618351.0777999973,4197500000000000.0
-615032.3915199973,76983400000000.0
615032.3915199973,4234000000000000.0
-611713.7052399972,77647050000000.0
611713.7052399972,4270500000000000.0
-608395.0189599972,78310700000000.0
608395.0189599972,4307000000000000.0
-605076.3326799972,78974350000000.0
605076.3326799972,4343500000000000.0
-601757.6463999972,79638000000000.0
601757.6463999972,4380000000000000.0
-598438.9601199972,80301650000000.0
598438.9601199972,4416500000000000.0
-595120.2738399971,80965300000000.0
595120.2738399971,4453000000000000.0
-591801.5875599971,81628950000000.0
591801.5875599971,4489500000000000.0
-588482.9012799971,82292600000000.0
588482.9012799971,4526000000000000.0
-585164.214999997,82956250000000.0
585164.214999997,4562500000000000.0
-581845.528719997,83619900000000.0
581845.528719997,4599000000000000.0
-578526.842439997,84283550000000.0
578526.842439997,4635500000000000.0
-575208.156159997,84947200000000.0
575208.156159997,4672000000000000.0
-571889.469879997,85610850000000.0
571889.469879997,4708500000000000.0
-568570.7835999969,86274500000000.0
568570.7835999969,4745000000000000.0
-565252.0973199969,86938150000000.0
565252.0973199969,4781500000000000.0
-561933.4110399969,87601800000000.0
561933.4110399969,4818000000000000.0
-558614.7247599969,88265450000000.0
558614.7247599969,4854500000000000.0
-555296.0384799968,88929100000000.0
555296.0384799968,4891000000000000.0
-551977.3521999968,89592750000000.0
551977.3521999968,4927500000000000.0
-548658.6659199968,90256400000000.0
548658.6659199968,4964000000000000.0
-545339.9796399968,90920050000000.0
545339.9796399968,5000500000000000.0
-542021.2933599968,91583700000000.0
542021.2933599968,5037000000000000.0
-538702.6070799967,92247350000000.0
538702.6070799967,5073500000000000.0
-535383.9207999967,92911000000000.0
535383.9207999967,5110000000000000.0
-532065.2345199967,93574650000000.0
532065.2345199967,5146500000000000.0
-528746.5482399967,94238300000000.0
528746.5482399967,5183000000000000.0
-525427.8619599966,94901950000000.0
525427.8619599966,5219500000000000.0
-522109.1756799966,95565600000000.0
522109.1756799966,5256000000000000.0
-518790.4893999966,96229250000000.0
518790.4893999966,5292500000000000.0
-515471.80311999656,96892900000000.0
515471.80311999656,5329000000000000.0
-512153.11683999654,97556550000000.0
512153.11683999654,5365500000000000.0
-508834.4305599965,98220200000000.0
508834.4305599965,5402000000000000.0
-505515.7442799965,98883850000000.0
505515.7442799965,5438500000000000.0
-502197.05799999647,99547500000000.0
502197.05799999647,5475000000000000.0
-498878.37171999644,100211150000000.0
498878.37171999644,5511500000000000.0
-495559.6854399964,100874800000000.0
495559.6854399964,5548000000000000.0
-492240.9991599964,101538450000000.0
492240.9991599964,5584500000000000.0
-488922.3128799964,102202100000000.0
488922.3128799964,5621000000000000.0
-485603.62659999635,102865750000000.0
485603.62659999635,5657500000000000.0
-482284.9403199963,103529400000000.0
482284.9403199963,5694000000000000.0
-478966.2540399963,104193050000000.0
478966.2540399963,5730500000000000.0
-475647.5677599963,104856700000000.0
475647.5677599963,5767000000000000.0
-472328.88147999626,105520350000000.0
472328.88147999626,5803500000000000.0
-469010.19519999623,106184000000000.0
469010.19519999623,5840000000000000.0
-465691.5089199962,106847650000000.0
465691.5089199962,5876500000000000.0
-462372.8226399962,107511300000000.0
462372.8226399962,5913000000000000.0
-459054.13635999616,108174950000000.0
459054.13635999616,5949500000000000.0
-455735.45007999614,108838600000000.0
455735.45007999614,5986000000000000.0
-452416.7637999961,109502250000000.0
452416.7637999961,6022500000000000.0
-449098.0775199961,110165900000000.0
449098.0775199961,6059000000000000.0
-445779.39123999607,110829550000000.0
445779.39123999607,6095500000000000.0
-442460.70495999604,111493200000000.0
442460.70495999604,6132000000000000.0
-439142.018679996,112156850000000.0
439142.018679996,6168500000000000.0
-435823.332399996,112820500000000.0
435823.332399996,6205000000000000.0
-432504.646119996,113484150000000.0
432504.646119996,6241500000000000.0
-429185.95983999595,114147800000000.0
429185.95983999595,6278000000000000.0
-425867.2735599959,114811450000000.0
425867.2735599959,6314500000000000.0
-422548.5872799959,115475100000000.0
422548.5872799959,6351000000000000.0
-419229.9009999959,116138750000000.0
419229.9009999959,6387500000000000.0
-415911.21471999586,116802400000000.0
415911.21471999586,6424000000000000.0
-412592.52843999583,117466050000000.0
412592.52843999583,6460500000000000.0
-409273.8421599958,118129700000000.0
409273.8421599958,6497000000000000.0
-405955.1558799958,118793350000000.0
405955.1558799958,6533500000000000.0
-402636.46959999576,119457000000000.0
402636.46959999576,6570000000000000.0
-399317.78331999574,120120650000000.0
399317.78331999574,6606500000000000.0
-395999.0970399957,120784300000000.0
395999.0970399957,6643000000000000.0
-392680.4107599957,121447950000000.0
392680.4107599957,6679500000000000.0
-389361.72447999567,122111600000000.0
389361.72447999567,6716000000000000.0
-386043.03819999564,122775250000000.0
386043.03819999564,6752500000000000.0
-382724.3519199956,123438900000000.0
382724.3519199956,6789000000000000.0
-379405.6656399956,124102550000000.0
379405.6656399956,6825500000000000.0
-376086.9793599956,124766200000000.0
376086.9793599956,6862000000000000.0
-372768.29307999555,125429850000000.0
372768.29307999555,6898500000000000.0
-369449.6067999955,126093500000000.0
369449.6067999955,6935000000000000.0
-366130.9205199955,126757150000000.0
366130.9205199955,6971500000000000.0
-362812.2342399955,127420800000000.0
362812.2342399955,7008000000000000.0
-359493.54795999546,128084450000000.0
359493.54795999546,7044500000000000.0
-356174.86167999543,128748100000000.0
356174.86167999543,7081000000000000.0
-352856.1753999954,129411750000000.0
352856.1753999954,7117500000000000.0
-349537.4891199954,130075400000000.0
349537.4891199954,7154000000000000.0
-346218.80283999536,130739050000000.0
346218.80283999536,7190500000000000.0
-342900.11655999534,131402700000000.0
342900.11655999534,7227000000000000.0
-339581.4302799953,132066350000000.0
339581.4302799953,7263500000000000.0
-336262.7439999953,132730000000000.0
336262.7439999953,7300000000000000.0
-332944.05771999527,133393650000000.0
332944.05771999527,7336500000000000.0
-329625.37143999524,134057300000000.0
329625.37143999524,7373000000000000.0
-326306.6851599952,134720950000000.0
326306.6851599952,7409500000000000.0
-322987.9988799952,135384600000000.0
322987.9988799952,7446000000000000.0
-319669.3125999952,136048250000000.0
319669.3125999952,7482500000000000.0
-316350.62631999515,136711900000000.0
316350.62631999515,7519000000000000.0
-313031.9400399951,137375550000000.0
313031.9400399951,7555500000000000.0
-309713.2537599951,138039200000000.0
309713.2537599951,7592000000000000.0
-306394.5674799951,138702850000000.0
306394.5674799951,7628500000000000.0
-303075.88119999506,139366500000000.0
303075.88119999506,7665000000000000.0
-299757.19491999503,140030150000000.0
299757.19491999503,7701500000000000.0
-296438.508639995,140693800000000.0
296438.508639995,7738000000000000.0
-293119.822359995,141357450000000.0
293119.822359995,7774500000000000.0
-289801.13607999496,142021100000000.0
289801.13607999496,7811000000000000.0
-286482.44979999494,142684750000000.0
286482.44979999494,7847500000000000.0
-283163.7635199949,143348400000000.0
283163.7635199949,7884000000000000.0
-279845.0772399949,144012050000000.0
279845.0772399949,7920500000000000.0
-276526.39095999487,144675700000000.0
276526.39095999487,7957000000000000.0
-273207.70467999484,145339350000000.0
273207.70467999484,7993500000000000.0
-269889.0183999948,146003000000000.0
269889.0183999948,8030000000000000.0
-266570.3321199948,146666650000000.0
266570.3321199948,8066500000000000.0
-263251.6458399948,147330300000000.0
263251.6458399948,8103000000000000.0
-259932.95955999478,147993950000000.0
259932.95955999478,8139500000000000.0
-256614.27327999478,148657600000000.0
256614.27327999478,8176000000000000.0
-253295.5869999948,149321250000000.0
253295.5869999948,8212500000000000.0
-249976.9007199948,149984900000000.0
249976.9007199948,8249000000000000.0
-246658.2144399948,150648550000000.0
246658.2144399948,8285500000000000.0
-243339.5281599948,151312200000000.0
243339.5281599948,8322000000000000.0
-240020.8418799948,151975850000000.0
240020.8418799948,8358500000000000.0
-236702.15559999482,152639500000000.0
236702.15559999482,8395000000000000.0
-233383.46931999482,153303150000000.0
233383.46931999482,8431500000000000.0
-230064.78303999483,153966800000000.0
230064.78303999483,8468000000000000.0
-226746.09675999483,154630450000000.0
226746.09675999483,8504500000000000.0
-223427.41047999484,155294100000000.0
223427.41047999484,8541000000000000.0
-220108.72419999485,155957750000000.0
220108.72419999485,8577500000000000.0
-216790.03791999485,156621400000000.0
216790.03791999485,8614000000000000.0
-213471.35163999486,157285050000000.0
213471.35163999486,8650500000000000.0
-210152.66535999486,157948700000000.0
210152.66535999486,8687000000000000.0
-206833.97907999487,158612350000000.0
206833.97907999487,8723500000000000.0
-203515.29279999487,159276000000000.0
203515.29279999487,8760000000000000.0
-200196.60651999488,159939650000000.0
200196.60651999488,8796500000000000.0
-196877.92023999488,160603300000000.0
196877.92023999488,8833000000000000.0
-193559.2339599949,161266950000000.0
193559.2339599949,8869500000000000.0
-190240.5476799949,161930600000000.0
190240.5476799949,8906000000000000.0
-186921.8613999949,162594250000000.0
186921.8613999949,8942500000000000.0
-183603.1751199949,163257900000000.0
183603.1751199949,8979000000000000.0
-180284.4888399949,163921550000000.0
180284.4888399949,9015500000000000.0
-176965.80255999492,164585200000000.0
176965.80255999492,9052000000000000.0
-173647.11627999492,165248850000000.0
173647.11627999492,9088500000000000.0
-170328.42999999493,165912500000000.0
170328.42999999493,9125000000000000.0
-167009.74371999493,166576150000000.0
167009.74371999493,9161500000000000.0
-163691.05743999494,167239800000000.0
163691.05743999494,9198000000000000.0
-160372.37115999495,167903450000000.0
160372.37115999495,9234500000000000.0
-157053.68487999495,168567100000000.0
157053.68487999495,9271000000000000.0
-153734.99859999496,169230750000000.0
153734.99859999496,9307500000000000.0
-150416.31231999496,169894400000000.0
150416.31231999496,9344000000000000.0
-147097.62603999497,170558050000000.0
147097.62603999497,9380500000000000.0
-143778.93975999497,171221700000000.0
143778.93975999497,9417000000000000.0
-140460.25347999498,171885350000000.0
140460.25347999498,9453500000000000.0
-137141.56719999498,172549000000000.0
137141.56719999498,9490000000000000.0
-133822.880919995,173212650000000.0
133822.880919995,9526500000000000.0
-130504.194639995,173876300000000.0
130504.194639995,9563000000000000.0
-127185.508359995,174539950000000.0
127185.508359995,9599500000000000.0
-123866.822079995,175203600000000.0
123866.822079995,9636000000000000.0
-120548.13579999501,175867250000000.0
120548.13579999501,9672500000000000.0
-117229.44951999502,176530900000000.0
117229.44951999502,9709000000000000.0
-113910.76323999502,177194550000000.0
113910.76323999502,9745500000000000.0
-110592.07695999503,177858200000000.0
110592.07695999503,9782000000000000.0
-107273.39067999503,178521850000000.0
107273.39067999503,9818500000000000.0
-103954.70439999504,179185500000000.0
103954.70439999504,9855000000000000.0
-100636.01811999505,179849150000000.0
100636.01811999505,9891500000000000.0
-97317.33183999505,180512800000000.0
97317.33183999505,9928000000000000.0
-93998.64555999506,181176450000000.0
93998.64555999506,9964500000000000.0
-90679.95927999506,181840100000000.0
90679.95927999506,1.0001e+16
-87361.27299999507,182503750000000.0
87361.27299999507,1.00375e+16
-84042.58671999507,183167400000000.0
84042.58671999507,1.0074e+16
-80723.90043999508,183831050000000.0
80723.90043999508,1.01105e+16
-77405.21415999508,184494700000000.0
77405.21415999508,1.0147e+16
-74086.52787999509,185158350000000.0
74086.52787999509,1.01835e+16
-70767.8415999951,185822000000000.0
70767.8415999951,1.022e+16
-67449.1553199951,186485650000000.0
67449.1553199951,1.02565e+16
-64130.4690399951,187149300000000.0
64130.4690399951,1.0293e+16
-60811.7827599951,187812950000000.0
60811.7827599951,1.03295e+16
-57493.096479995096,188476600000000.0
57493.096479995096,1.0366e+16
-54174.410199995094,189140250000000.0
54174.410199995094,1.04025e+16
-50855.72391999509,189803900000000.0
50855.72391999509,1.0439e+16
-47537.03763999509,190467550000000.0
47537.03763999509,1.04755e+16
-44218.35135999509,191131200000000.0
44218.35135999509,1.0512e+16
-40899.66507999509,191794850000000.0
40899.66507999509,1.05485e+16
-37580.978799995086,192458500000000.0
37580.978799995086,1.0585e+16
-34262.292519995084,193122150000000.0
34262.292519995084,1.06215e+16
-30943.606239995082,193785800000000.0
30943.606239995082,1.0658e+16
-27624.91995999508,194449450000000.0
27624.91995999508,1.06945e+16
-24306.23367999508,195113100000000.0
24306.23367999508,1.0731e+16
-20987.547399995077,195776750000000.0
20987.547399995077,1.07675e+16
-17668.861119995076,196440400000000.0
17668.861119995076,1.0804e+16
-14350.174839995076,197104050000000.0
14350.174839995076,1.08405e+16
-11031.488559995076,197767700000000.0
11031.488559995076,1.0877e+16
-7712.802279995076,198431350000000.0
7712.802279995076,1.09135e+16
-4394.115999995076,199095000000000.0
4394.115999995076,1.095e+16
-1075.4297199950756,199758650000000.0
1075.4297199950756,1.09865e+16
2243.2565600049247,200422300000000.0
-2243.2565600049247,1.1023e+16
5561.9428400049255,201085950000000.0
-5561.9428400049255,1.10595e+16
8880.629120004925,201749600000000.0
-8880.629120004925,1.1096e+16
12199.315400004925,202413250000000.0
-12199.315400004925,1.11325e+16
15518.001680004925,203076900000000.0
-15518.001680004925,1.1169e+16
18836.687960004925,203740550000000.0
-18836.687960004925,1.12055e+16
22155.374240004927,204404200000000.0
-22155.374240004927,1.1242e+16
25474.06052000493,205067850000000.0
-25474.06052000493,1.12785e+16
28792.74680000493,205731500000000.0
-28792.74680000493,1.1315e+16
32111.433080004932,206395150000000.0
-32111.433080004932,1.13515e+16
35430.11936000493,207058800000000.0
-35430.11936000493,1.1388e+16
38748.80564000493,207722450000000.0
-38748.80564000493,1.14245e+16
42067.49192000493,208386100000000.0
-42067.49192000493,1.1461e+16
45386.178200004935,209049750000000.0
-45386.178200004935,1.14975e+16
48704.86448000494,209713400000000.0
-48704.86448000494,1.1534e+16
52023.55076000494,210377050000000.0
-52023.55076000494,1.15705e+16
55342.23704000494,211040700000000.0
-55342.23704000494,1.1607e+16
58660.92332000494,211704350000000.0
-58660.92332000494,1.16435e+16
61979.609600004944,212368000000000.0
-61979.609600004944,1.168e+16
65298.295880004946,213031650000000.0
-65298.295880004946,1.17165e+16
68616.98216000495,213695300000000.0
-68616.98216000495,1.1753e+16
71935.66844000494,214358950000000.0
-71935.66844000494,1.17895e+16
75254.35472000494,215022600000000.0
-75254.35472000494,1.1826e+16
78573.04100000493,215686250000000.0
-78573.04100000493,1.18625e+16
81891.72728000492,216349900000000.0
-81891.72728000492,1.1899e+16
85210.41356000492,217013550000000.0
-85210.41356000492,1.19355e+16
88529.09984000491,217677200000000.0
-88529.09984000491,1.1972e+16
91847.78612000491,218340850000000.0
-91847.78612000491,1.20085e+16
95166.4724000049,219004500000000.0
-95166.4724000049,1.2045e+16
98485.1586800049,219668150000000.0
-98485.1586800049,1.20815e+16
101803.84496000489,220331800000000.0
-101803.84496000489,1.2118e+16
105122.53124000489,220995450000000.0
-105122.53124000489,1.21545e+16
108441.21752000488,221659100000000.0
-108441.21752000488,1.2191e+16
111759.90380000487,222322750000000.0
-111759.90380000487,1.22275e+16
115078.59008000487,222986400000000.0
-115078.59008000487,1.2264e+16
118397.27636000486,223650050000000.0
-118397.27636000486,1.23005e+16
121715.96264000486,224313700000000.0
-121715.96264000486,1.2337e+16
125034.64892000485,224977350000000.0
-125034.64892000485,1.23735e+16
128353.33520000485,225641000000000.0
-128353.33520000485,1.241e+16
131672.02148000486,226304650000000.0
-131672.02148000486,1.24465e+16
134990.70776000485,226968300000000.0
-134990.70776000485,1.2483e+16
138309.39404000485,227631950000000.0
-138309.39404000485,1.25195e+16
141628.08032000484,228295600000000.0
-141628.08032000484,1.2556e+16
144946.76660000483,228959250000000.0
-144946.76660000483,1.25925e+16
148265.45288000483,229622900000000.0
-148265.45288000483,1.2629e+16
151584.13916000482,230286550000000.0
-151584.13916000482,1.26655e+16
154902.82544000482,230950200000000.0
-154902.82544000482,1.2702e+16
158221.5117200048,231613850000000.0
-158221.5117200048,1.27385e+16
161540.1980000048,232277500000000.0
-161540.1980000048,1.2775e+16
164858.8842800048,232941150000000.0
-164858.8842800048,1.28115e+16
168177.5705600048,233604800000000.0
-168177.5705600048,1.2848e+16
171496.2568400048,234268450000000.0
-171496.2568400048,1.28845e+16
174814.94312000478,234932100000000.0
-174814.94312000478,1.2921e+16
178133.62940000478,235595750000000.0
-178133.62940000478,1.29575e+16
181452.31568000477,236259400000000.0
-181452.31568000477,1.2994e+16
184771.00196000477,236923050000000.0
-184771.00196000477,1.30305e+16
188089.68824000476,237586700000000.0
-188089.68824000476,1.3067e+16
191408.37452000476,238250350000000.0
-191408.37452000476,1.31035e+16
194727.06080000475,238914000000000.0
-194727.06080000475,1.314e+16
198045.74708000474,239577650000000.0
-198045.74708000474,1.31765e+16
201364.43336000474,240241300000000.0
-201364.43336000474,1.3213e+16
204683.11964000473,240904950000000.0
-204683.11964000473,1.32495e+16
208001.80592000473,241568600000000.0
-208001.80592000473,1.3286e+16
211320.49220000472,242232250000000.0
-211320.49220000472,1.33225e+16
214639.17848000472,242895900000000.0
-214639.17848000472,1.3359e+16
217957.8647600047,243559550000000.0
-217957.8647600047,1.33955e+16
221276.5510400047,244223200000000.0
-221276.5510400047,1.3432e+16
224595.2373200047,244886850000000.0
-224595.2373200047,1.34685e+16
227913.9236000047,245550500000000.0
-227913.9236000047,1.3505e+16
231232.6098800047,246214150000000.0
-231232.6098800047,1.35415e+16
234551.29616000468,246877800000000.0
-234551.29616000468,1.3578e+16
237869.98244000468,247541450000000.0
-237869.98244000468,1.36145e+16
241188.66872000467,248205100000000.0
-241188.66872000467,1.3651e+16
244507.35500000467,248868750000000.0
-244507.35500000467,1.36875e+16
247826.04128000466,249532400000000.0
-247826.04128000466,1.3724e+16
251144.72756000466,250196050000000.0
-251144.72756000466,1.37605e+16
254463.41384000465,250859700000000.0
-254463.41384000465,1.3797e+16
257782.10012000464,251523350000000.0
-257782.10012000464,1.38335e+16
261100.78640000464,252187000000000.0
-261100.78640000464,1.387e+16
264419.47268000466,252850650000000.0
-264419.47268000466,1.39065e+16
267738.1589600047,253514300000000.0
-267738.1589600047,1.3943e+16
271056.8452400047,254177950000000.0
-271056.8452400047,1.39795e+16
274375.53152000473,254841600000000.0
-274375.53152000473,1.4016e+16
277694.21780000476,255505250000000.0
-277694.21780000476,1.40525e+16
281012.9040800048,256168900000000.0
-281012.9040800048,1.4089e+16
284331.5903600048,256832550000000.0
-284331.5903600048,1.41255e+16
287650.2766400048,257496200000000.0
-287650.2766400048,1.4162e+16
290968.96292000485,258159850000000.0
-290968.96292000485,1.41985e+16
294287.6492000049,258823500000000.0
-294287.6492000049,1.4235e+16
297606.3354800049,259487150000000.0
-297606.3354800049,1.42715e+16
300925.0217600049,260150800000000.0
-300925.0217600049,1.4308e+16
304243.70804000495,260814450000000.0
-304243.70804000495,1.43445e+16
307562.39432000497,261478100000000.0
-307562.39432000497,1.4381e+16
310881.080600005,262141750000000.0
-310881.080600005,1.44175e+16
314199.766880005,262805400000000.0
-314199.766880005,1.4454e+16
317518.45316000504,263469050000000.0
-317518.45316000504,1.44905e+16
320837.13944000506,264132700000000.0
-320837.13944000506,1.4527e+16
324155.8257200051,264796350000000.0
-324155.8257200051,1.45635e+16
327474.5120000051,265460000000000.0
-327474.5120000051,1.46e+16
330793.19828000513,266123650000000.0
-330793.19828000513,1.46365e+16
334111.88456000516,266787300000000.0
-334111.88456000516,1.4673e+16
337430.5708400052,267450950000000.0
-337430.5708400052,1.47095e+16
340749.2571200052,268114600000000.0
-340749.2571200052,1.4746e+16
344067.9434000052,268778250000000.0
-344067.9434000052,1.47825e+16
347386.62968000525,269441900000000.0
-347386.62968000525,1.4819e+16
350705.3159600053,270105550000000.0
-350705.3159600053,1.48555e+16
354024.0022400053,270769200000000.0
-354024.0022400053,1.4892e+16
357342.6885200053,271432850000000.0
-357342.6885200053,1.49285e+16
360661.37480000535,272096500000000.0
-360661.37480000535,1.4965e+16
363980.06108000537,272760150000000.0
-363980.06108000537,1.50015e+16
367298.7473600054,273423800000000.0
-367298.7473600054,1.5038e+16
370617.4336400054,274087450000000.0
-370617.4336400054,1.50745e+16
373936.11992000544,274751100000000.0
-373936.11992000544,1.5111e+16
377254.80620000546,275414750000000.0
-377254.80620000546,1.51475e+16
380573.4924800055,276078400000000.0
-380573.4924800055,1.5184e+16
383892.1787600055,276742050000000.0
-383892.1787600055,1.52205e+16
387210.86504000553,277405700000000.0
-387210.86504000553,1.5257e+16
390529.55132000556,278069350000000.0
-390529.55132000556,1.52935e+16
393848.2376000056,278733000000000.0
-393848.2376000056,1.533e+16
397166.9238800056,279396650000000.0
-397166.9238800056,1.53665e+16
400485.6101600056,280060300000000.0
-400485.6101600056,1.5403e+16
403804.29644000565,280723950000000.0
-403804.29644000565,1.54395e+16
407122.9827200057,281387600000000.0
-407122.9827200057,1.5476e+16
410441.6690000057,282051250000000.0
-410441.6690000057,1.55125e+16
413760.3552800057,282714900000000.0
-413760.3552800057,1.5549e+16
417079.04156000575,283378550000000.0
-417079.04156000575,1.55855e+16
420397.72784000577,284042200000000.0
-420397.72784000577,1.5622e+16
423716.4141200058,284705850000000.0
-423716.4141200058,1.56585e+16
427035.1004000058,285369500000000.0
-427035.1004000058,1.5695e+16
430353.78668000584,286033150000000.0
-430353.78668000584,1.57315e+16
433672.47296000586,286696800000000.0
-433672.47296000586,1.5768e+16
436991.1592400059,287360450000000.0
-436991.1592400059,1.58045e+16
440309.8455200059,288024100000000.0
-440309.8455200059,1.5841e+16
443628.53180000593,288687750000000.0
-443628.53180000593,1.58775e+16
446947.21808000596,289351400000000.0
-446947.21808000596,1.5914e+16
450265.904360006,290015050000000.0
-450265.904360006,1.59505e+16
453584.590640006,290678700000000.0
-453584.590640006,1.5987e+16
456903.276920006,291342350000000.0
-456903.276920006,1.60235e+16
460221.96320000605,292006000000000.0
-460221.96320000605,1.606e+16
463540.6494800061,292669650000000.0
-463540.6494800061,1.60965e+16
466859.3357600061,293333300000000.0
-466859.3357600061,1.6133e+16
470178.0220400061,293996950000000.0
-470178.0220400061,1.61695e+16
473496.70832000615,294660600000000.0
-473496.70832000615,1.6206e+16
476815.39460000617,295324250000000.0
-476815.39460000617,1.62425e+16
480134.0808800062,295987900000000.0
-480134.0808800062,1.6279e+16
483452.7671600062,296651550000000.0
-483452.7671600062,1.63155e+16
486771.45344000624,297315200000000.0
-486771.45344000624,1.6352e+16
490090.13972000626,297978850000000.0
-490090.13972000626,1.63885e+16
493408.8260000063,298642500000000.0
-493408.8260000063,1.6425e+16
496727.5122800063,299306150000000.0
-496727.5122800063,1.64615e+16
500046.19856000633,299969800000000.0
-500046.19856000633,1.6498e+16
503364.88484000636,300633450000000.0
-503364.88484000636,1.65345e+16
506683.5711200064,301297100000000.0
-506683.5711200064,1.6571e+16
510002.2574000064,301960750000000.0
-510002.2574000064,1.66075e+16
513320.9436800064,302624400000000.0
-513320.9436800064,1.6644e+16
516639.62996000645,303288050000000.0
-516639.62996000645,1.66805e+16
519958.3162400065,303951700000000.0
-519958.3162400065,1.6717e+16
523277.0025200065,304615350000000.0
-523277.0025200065,1.67535e+16
526595.6888000065,305279000000000.0
-526595.6888000065,1.679e+16
529914.3750800065,305942650000000.0
-529914.3750800065,1.68265e+16
533233.0613600066,306606300000000.0
-533233.0613600066,1.6863e+16
536551.7476400066,307269950000000.0
-536551.7476400066,1.68995e+16
539870.4339200066,307933600000000.0
-539870.4339200066,1.6936e+16
543189.1202000066,308597250000000.0
-543189.1202000066,1.69725e+16
546507.8064800067,309260900000000.0
-546507.8064800067,1.7009e+16
549826.4927600067,309924550000000.0
-549826.4927600067,1.70455e+16
553145.1790400067,310588200000000.0
-553145.1790400067,1.7082e+16
556463.8653200067,311251850000000.0
-556463.8653200067,1.71185e+16
559782.5516000068,311915500000000.0
-559782.5516000068,1.7155e+16
563101.2378800068,312579150000000.0
-563101.2378800068,1.71915e+16
566419.9241600068,313242800000000.0
-566419.9241600068,1.7228e+16
569738.6104400068,313906450000000.0
-569738.6104400068,1.72645e+16
573057.2967200069,314570100000000.0
-573057.2967200069,1.7301e+16
576375.9830000069,315233750000000.0
-576375.9830000069,1.73375e+16
579694.6692800069,315897400000000.0
-579694.6692800069,1.7374e+16
583013.3555600069,316561050000000.0
-583013.3555600069,1.74105e+16
586332.041840007,317224700000000.0
-586332.041840007,1.7447e+16
589650.728120007,317888350000000.0
-589650.728120007,1.74835e+16
592969.414400007,318552000000000.0
-592969.414400007,1.752e+16
596288.100680007,319215650000000.0
-596288.100680007,1.75565e+16
599606.786960007,319879300000000.0
-599606.786960007,1.7593e+16
602925.4732400071,320542950000000.0
-602925.4732400071,1.76295e+16
606244.1595200071,321206600000000.0
-606244.1595200071,1.7666e+16
609562.8458000071,321870250000000.0
-609562.8458000071,1.77025e+16
612881.5320800071,322533900000000.0
-612881.5320800071,1.7739e+16
616200.2183600072,323197550000000.0
-616200.2183600072,1.77755e+16
619518.9046400072,323861200000000.0
-619518.9046400072,1.7812e+16
622837.5909200072,324524850000000.0
-622837.5909200072,1.78485e+16
626156.2772000072,325188500000000.0
-626156.2772000072,1.7885e+16
629474.9634800073,325852150000000.0
-629474.9634800073,1.79215e+16
632793.6497600073,326515800000000.0
-632793.6497600073,1.7958e+16
636112.3360400073,327179450000000.0
-636112.3360400073,1.79945e+16
639431.0223200073,327843100000000.0
-639431.0223200073,1.8031e+16
642749.7086000073,328506750000000.0
-642749.7086000073,1.80675e+16
646068.3948800074,329170400000000.0
-646068.3948800074,1.8104e+16
649387.0811600074,329834050000000.0
-649387.0811600074,1.81405e+16
652705.7674400074,330497700000000.0
-652705.7674400074,1.8177e+16
656024.4537200074,331161350000000.0
-656024.4537200074,1.82135e+16
659343.1400000075,331825000000000.0
-659343.1400000075,1.825e+16
662661.8262800075,332488650000000.0
-662661.8262800075,1.82865e+16
665980.5125600075,333152300000000.0
-665980.5125600075,1.8323e+16
669299.1988400075,333815950000000.0
-669299.1988400075,1.83595e+16
672617.8851200076,334479600000000.0
-672617.8851200076,1.8396e+16
675936.5714000076,335143250000000.0
-675936.5714000076,1.84325e+16
679255.2576800076,335806900000000.0
-679255.2576800076,1.8469e+16
682573.9439600076,336470550000000.0
-682573.9439600076,1.85055e+16
685892.6302400077,337134200000000.0
-685892.6302400077,1.8542e+16
689211.3165200077,337797850000000.0
-689211.3165200077,1.85785e+16
692530.0028000077,338461500000000.0
-692530.0028000077,1.8615e+16
695848.6890800077,339125150000000.0
-695848.6890800077,1.86515e+16
699167.3753600077,339788800000000.0
-699167.3753600077,1.8688e+16
702486.0616400078,340452450000000.0
-702486.0616400078,1.87245e+16
705804.7479200078,341116100000000.0
-705804.7479200078,1.8761e+16
709123.4342000078,341779750000000.0
-709123.4342000078,1.87975e+16
712442.1204800078,342443400000000.0
-712442.1204800078,1.8834e+16
715760.8067600079,343107050000000.0
-715760.8067600079,1.88705e+16
719079.4930400079,343770700000000.0
-719079.4930400079,1.8907e+16
722398.1793200079,344434350000000.0
-722398.1793200079,1.89435e+16
725716.8656000079,345098000000000.0
-725716.8656000079,1.898e+16
729035.551880008,345761650000000.0
-729035.551880008,1.90165e+16
732354.238160008,346425300000000.0
-732354.238160008,1.9053e+16
735672.924440008,347088950000000.0
-735672.924440008,1.90895e+16
738991.610720008,347752600000000.0
-738991.610720008,1.9126e+16
742310.297000008,348416250000000.0
-742310.297000008,1.91625e+16
745628.9832800081,349079900000000.0
-745628.9832800081,1.9199e+16
748947.6695600081,349743550000000.0
-748947.6695600081,1.92355e+16
752266.3558400081,350407200000000.0
-752266.3558400081,1.9272e+16
755585.0421200081,351070850000000.0
-755585.0421200081,1.93085e+16
758903.7284000082,351734500000000.0
-758903.7284000082,1.9345e+16
762222.4146800082,352398150000000.0
-762222.4146800082,1.93815e+16
765541.1009600082,353061800000000.0
-765541.1009600082,1.9418e+16
768859.7872400082,353725450000000.0
-768859.7872400082,1.94545e+16
772178.4735200083,354389100000000.0
-772178.4735200083,1.9491e+16
775497.1598000083,355052750000000.0
-775497.1598000083,1.95275e+16
778815.8460800083,355716400000000.0
-778815.8460800083,1.9564e+16
782134.5323600083,356380050000000.0
-782134.5323600083,1.96005e+16
785453.2186400084,357043700000000.0
-785453.2186400084,1.9637e+16
788771.9049200084,357707350000000.0
-788771.9049200084,1.96735e+16
792090.5912000084,358371000000000.0
-792090.5912000084,1.971e+16
795409.2774800084,359034650000000.0
-795409.2774800084,1.97465e+16
798727.9637600085,359698300000000.0
-798727.9637600085,1.9783e+16
802046.6500400085,360361950000000.0
-802046.6500400085,1.98195e+16
805365.3363200085,361025600000000.0
-805365.3363200085,1.9856e+16
808684.0226000085,361689250000000.0
-808684.0226000085,1.98925e+16
812002.7088800085,362352900000000.0
-812002.7088800085,1.9929e+16
815321.3951600086,363016550000000.0
-815321.3951600086,1.99655e+16
818640.0814400086,363680200000000.0
-818640.0814400086,2.0002e+16
821958.7677200086,364343850000000.0
-821958.7677200086,2.00385e+16
825277.4540000086,365007500000000.0
-825277.4540000086,2.0075e+16
828596.1402800087,365671150000000.0
-828596.1402800087,2.01115e+16
831914.8265600087,366334800000000.0
-831914.8265600087,2.0148e+16
835233.5128400087,366998450000000.0
-835233.5128400087,2.01845e+16
838552.1991200087,367662100000000.0
-838552.1991200087,2.0221e+16
841870.8854000088,368325750000000.0
-841870.8854000088,2.02575e+16
845189.5716800088,368989400000000.0
-845189.5716800088,2.0294e+16
848508.2579600088,369653050000000.0
-848508.2579600088,2.03305e+16
851826.9442400088,370316700000000.0
-851826.9442400088,2.0367e+16
855145.6305200089,370980350000000.0
-855145.6305200089,2.04035e+16
858464.3168000089,371644000000000.0
-858464.3168000089,2.044e+16
861783.0030800089,372307650000000.0
-861783.0030800089,2.04765e+16
865101.6893600089,372971300000000.0
-865101.6893600089,2.0513e+16
868420.375640009,373634950000000.0
-868420.375640009,2.05495e+16
871739.061920009,374298600000000.0
-871739.061920009,2.0586e+16
875057.748200009,374962250000000.0
-875057.748200009,2.06225e+16
878376.434480009,375625900000000.0
-878376.434480009,2.0659e+16
881695.120760009,376289550000000.0
-881695.120760009,2.06955e+16
885013.8070400091,376953200000000.0
-885013.8070400091,2.0732e+16
888332.4933200091,377616850000000.0
-888332.4933200091,2.07685e+16
891651.1796000091,378280500000000.0
-891651.1796000091,2.0805e+16
894969.8658800091,378944150000000.0
-894969.8658800091,2.08415e+16
898288.5521600092,379607800000000.0
-898288.5521600092,2.0878e+16
901607.2384400092,380271450000000.0
-901607.2384400092,2.09145e+16
904925.9247200092,380935100000000.0
-904925.9247200092,2.0951e+16
908244.6110000092,381598750000000.0
-908244.6110000092,2.09875e+16
911563.2972800093,382262400000000.0
-911563.2972800093,2.1024e+16
914881.9835600093,382926050000000.0
-914881.9835600093,2.10605e+16
918200.6698400093,383589700000000.0
-918200.6698400093,2.1097e+16
921519.3561200093,384253350000000.0
-921519.3561200093,2.11335e+16
924838.0424000093,384917000000000.0
-924838.0424000093,2.117e+16
928156.7286800094,385580650000000.0
-928156.7286800094,2.12065e+16
931475.4149600094,386244300000000.0
-931475.4149600094,2.1243e+16
934794.1012400094,386907950000000.0
-934794.1012400094,2.12795e+16
938112.7875200094,387571600000000.0
-938112.7875200094,2.1316e+16
941431.4738000095,388235250000000.0
-941431.4738000095,2.13525e+16
944750.1600800095,388898900000000.0
-944750.1600800095,2.1389e+16
948068.8463600095,389562550000000.0
-948068.8463600095,2.14255e+16
951387.5326400095,390226200000000.0
-951387.5326400095,2.1462e+16
954706.2189200096,390889850000000.0
-954706.2189200096,2.14985e+16
958024.9052000096,391553500000000.0
-958024.9052000096,2.1535e+16
961343.5914800096,392217150000000.0
-961343.5914800096,2.15715e+16
964662.2777600096,392880800000000.0
-964662.2777600096,2.1608e+16
967980.9640400097,393544450000000.0
-967980.9640400097,2.16445e+16
971299.6503200097,394208100000000.0
-971299.6503200097,2.1681e+16
974618.3366000097,394871750000000.0
-974618.3366000097,2.17175e+16
977937.0228800097,395535400000000.0
-977937.0228800097,2.1754e+16
981255.7091600097,396199050000000.0
-981255.7091600097,2.17905e+16
984574.3954400098,396862700000000.0
-984574.3954400098,2.1827e+16
987893.0817200098,397526350000000.0
-987893.0817200098,2.18635e+16
991211.7680000098,398190000000000.0
-991211.7680000098,2.19e+16
994530.4542800098,398853650000000.0
-994530.4542800098,2.19365e+16
997849.1405600099,399517300000000.0
-997849.1405600099,2.1973e+16
1001167.8268400099,400180950000000.0
-1001167.8268400099,2.20095e+16
1004486.5131200099,400844600000000.0
-1004486.5131200099,2.2046e+16
1007805.1994000099,401508250000000.0
-1007805.1994000099,2.20825e+16
1011123.88568001,402171900000000.0
-1011123.88568001,2.2119e+16
1014442.57196001,402835550000000.0
-1014442.57196001,2.21555e+16
1017761.25824001,403499200000000.0
-1017761.25824001,2.2192e+16
1021079.94452001,404162850000000.0
-1021079.94452001,2.22285e+16
1024398.63080001,404826500000000.0
-1024398.63080001,2.2265e+16
1027717.3170800101,405490150000000.0
-1027717.3170800101,2.23015e+16
1031036.0033600101,406153800000000.0
-1031036.0033600101,2.2338e+16
1034354.6896400101,406817450000000.0
-1034354.6896400101,2.23745e+16
1037673.3759200101,407481100000000.0
-1037673.3759200101,2.2411e+16
1040992.0622000102,408144750000000.0
-1040992.0622000102,2.24475e+16
1044310.7484800102,408808400000000.0
-1044310.7484800102,2.2484e+16
1047629.4347600102,409472050000000.0
-1047629.4347600102,2.25205e+16
1050948.1210400101,410135700000000.0
-1050948.1210400101,2.2557e+16
1054266.8073200101,410799350000000.0
-1054266.8073200101,2.25935e+16
1057585.4936000102,411463000000000.0
-1057585.4936000102,2.263e+16
1060904.1798800102,412126650000000.0
-1060904.1798800102,2.26665e+16
1064222.8661600102,412790300000000.0
-1064222.8661600102,2.2703e+16
1067541.5524400102,413453950000000.0
-1067541.5524400102,2.27395e+16
1070860.2387200103,414117600000000.0
-1070860.2387200103,2.2776e+16
1074178.9250000103,414781250000000.0
-1074178.9250000103,2.28125e+16
1077497.6112800103,415444900000000.0
-1077497.6112800103,2.2849e+16
1080816.2975600103,416108550000000.0
-1080816.2975600103,2.28855e+16
1084134.9838400104,416772200000000.0
-1084134.9838400104,2.2922e+16
1087453.6701200104,417435850000000.0
-1087453.6701200104,2.29585e+16
1090772.3564000104,418099500000000.0
-1090772.3564000104,2.2995e+16
1094091.0426800104,418763150000000.0
-1094091.0426800104,2.30315e+16
1097409.7289600105,419426800000000.0
-1097409.7289600105,2.3068e+16
1100728.4152400105,420090450000000.0
-1100728.4152400105,2.31045e+16
1104047.1015200105,420754100000000.0
-1104047.1015200105,2.3141e+16
1107365.7878000105,421417750000000.0
-1107365.7878000105,2.31775e+16
1110684.4740800106,422081400000000.0
-1110684.4740800106,2.3214e+16
1114003.1603600106,422745050000000.0
-1114003.1603600106,2.32505e+16
1117321.8466400106,423408700000000.0
-1117321.8466400106,2.3287e+16
1120640.5329200106,424072350000000.0
-1120640.5329200106,2.33235e+16
1123959.2192000106,424736000000000.0
-1123959.2192000106,2.336e+16
1127277.9054800107,425399650000000.0
-1127277.9054800107,2.33965e+16
1130596.5917600107,426063300000000.0
-1130596.5917600107,2.3433e+16
1133915.2780400107,426726950000000.0
-1133915.2780400107,2.34695e+16
1137233.9643200107,427390600000000.0
-1137233.9643200107,2.3506e+16
1140552.6506000108,428054250000000.0
-1140552.6506000108,2.35425e+16
1143871.3368800108,428717900000000.0
-1143871.3368800108,2.3579e+16
1147190.0231600108,429381550000000.0
-1147190.0231600108,2.36155e+16
1150508.7094400108,430045200000000.0
-1150508.7094400108,2.3652e+16
1153827.3957200109,430708850000000.0
-1153827.3957200109,2.36885e+16
1157146.0820000109,431372500000000.0
-1157146.0820000109,2.3725e+16
1160464.768280011,432036150000000.0
-1160464.768280011,2.37615e+16
1163783.454560011,432699800000000.0
-1163783.454560011,2.3798e+16
1167102.140840011,433363450000000.0
-1167102.140840011,2.38345e+16
1170420.827120011,434027100000000.0
-1170420.827120011,2.3871e+16
1173739.513400011,434690750000000.0
-1173739.513400011,2.39075e+16
1177058.199680011,435354400000000.0
-1177058.199680011,2.3944e+16
1180376.885960011,436018050000000.0
-1180376.885960011,2.39805e+16
1183695.572240011,436681700000000.0
-1183695.572240011,2.4017e+16
1187014.258520011,437345350000000.0
-1187014.258520011,2.40535e+16
1190332.944800011,438009000000000.0
-1190332.944800011,2.409e+16
1193651.6310800111,438672650000000.0
-1193651.6310800111,2.41265e+16
1196970.3173600112,439336300000000.0
-1196970.3173600112,2.4163e+16
1200289.0036400112,439999950000000.0
-1200289.0036400112,2.41995e+16
1203607.6899200112,440663600000000.0
-1203607.6899200112,2.4236e+16
1206926.3762000112,441327250000000.0
-1206926.3762000112,2.42725e+16
1210245.0624800113,441990900000000.0
-1210245.0624800113,2.4309e+16
1213563.7487600113,442654550000000.0
-1213563.7487600113,2.43455e+16
1216882.4350400113,443318200000000.0
-1216882.4350400113,2.4382e+16
1220201.1213200113,443981850000000.0
-1220201.1213200113,2.44185e+16
1223519.8076000114,444645500000000.0
-1223519.8076000114,2.4455e+16
1226838.4938800114,445309150000000.0
-1226838.4938800114,2.44915e+16
1230157.1801600114,445972800000000.0
-1230157.1801600114,2.4528e+16
1233475.8664400114,446636450000000.0
-1233475.8664400114,2.45645e+16
1236794.5527200114,447300100000000.0
-1236794.5527200114,2.4601e+16
1240113.2390000115,447963750000000.0
-1240113.2390000115,2.46375e+16
1243431.9252800115,448627400000000.0
-1243431.9252800115,2.4674e+16
1246750.6115600115,449291050000000.0
-1246750.6115600115,2.47105e+16
1250069.2978400115,449954700000000.0
-1250069.2978400115,2.4747e+16
1253387.9841200116,450618350000000.0
-1253387.9841200116,2.47835e+16
1256706.6704000116,451282000000000.0
-1256706.6704000116,2.482e+16
1260025.3566800116,451945650000000.0
-1260025.3566800116,2.48565e+16
1263344.0429600116,452609300000000.0
-1263344.0429600116,2.4893e+16
1266662.7292400117,453272950000000.0
-1266662.7292400117,2.49295e+16
1269981.4155200117,453936600000000.0
-1269981.4155200117,2.4966e+16
1273300.1018000117,454600250000000.0
-1273300.1018000117,2.50025e+16
1276618.7880800117,455263900000000.0
-1276618.7880800117,2.5039e+16
1279937.4743600118,455927550000000.0
-1279937.4743600118,2.50755e+16
1283256.1606400118,456591200000000.0
-1283256.1606400118,2.5112e+16
1286574.8469200118,457254850000000.0
-1286574.8469200118,2.51485e+16
1289893.5332000118,457918500000000.0
-1289893.5332000118,2.5185e+16
1293212.2194800118,458582150000000.0
-1293212.2194800118,2.52215e+16
1296530.9057600119,459245800000000.0
-1296530.9057600119,2.5258e+16
1299849.592040012,459909450000000.0
-1299849.592040012,2.52945e+16
1303168.278320012,460573100000000.0
-1303168.278320012,2.5331e+16
1306486.964600012,461236750000000.0
-1306486.964600012,2.53675e+16
1309805.650880012,461900400000000.0
-1309805.650880012,2.5404e+16
1313124.337160012,462564050000000.0
-1313124.337160012,2.54405e+16
1316443.023440012,463227700000000.0
-1316443.023440012,2.5477e+16
1319761.709720012,463891350000000.0
-1319761.709720012,2.55135e+16
1323080.396000012,464555000000000.0
-1323080.396000012,2.555e+16
1326399.082280012,465218650000000.0
-1326399.082280012,2.55865e+16
1329717.768560012,465882300000000.0
-1329717.768560012,2.5623e+16
1333036.4548400121,466545950000000.0
-1333036.4548400121,2.56595e+16
1336355.1411200122,467209600000000.0
-1336355.1411200122,2.5696e+16
1339673.8274000122,467873250000000.0
-1339673.8274000122,2.57325e+16
1342992.5136800122,468536900000000.0
-1342992.5136800122,2.5769e+16
1346311.1999600122,469200550000000.0
-1346311.1999600122,2.58055e+16
1349629.8862400122,469864200000000.0
-1349629.8862400122,2.5842e+16
1352948.5725200123,470527850000000.0
-1352948.5725200123,2.58785e+16
1356267.2588000123,471191500000000.0
-1356267.2588000123,2.5915e+16
1359585.9450800123,471855150000000.0
-1359585.9450800123,2.59515e+16
1362904.6313600123,472518800000000.0
-1362904.6313600123,2.5988e+16
1366223.3176400124,473182450000000.0
-1366223.3176400124,2.60245e+16
1369542.0039200124,473846100000000.0
-1369542.0039200124,2.6061e+16
1372860.6902000124,474509750000000.0
-1372860.6902000124,2.60975e+16
1376179.3764800124,475173400000000.0
-1376179.3764800124,2.6134e+16
1379498.0627600125,475837050000000.0
-1379498.0627600125,2.61705e+16
1382816.7490400125,476500700000000.0
-1382816.7490400125,2.6207e+16
1386135.4353200125,477164350000000.0
-1386135.4353200125,2.62435e+16
1389454.1216000125,477828000000000.0
-1389454.1216000125,2.628e+16
1392772.8078800126,478491650000000.0
-1392772.8078800126,2.63165e+16
1396091.4941600126,479155300000000.0
-1396091.4941600126,2.6353e+16
1399410.1804400126,479818950000000.0
-1399410.1804400126,2.63895e+16
1402728.8667200126,480482600000000.0
-1402728.8667200126,2.6426e+16
1406047.5530000126,481146250000000.0
-1406047.5530000126,2.64625e+16
1409366.2392800127,481809900000000.0
-1409366.2392800127,2.6499e+16
1412684.9255600127,482473550000000.0
-1412684.9255600127,2.65355e+16
1416003.6118400127,483137200000000.0
-1416003.6118400127,2.6572e+16
1419322.2981200127,483800850000000.0
-1419322.2981200127,2.66085e+16
1422640.9844000128,484464500000000.0
-1422640.9844000128,2.6645e+16
1425959.6706800128,485128150000000.0
-1425959.6706800128,2.66815e+16
1429278.3569600128,485791800000000.0
-1429278.3569600128,2.6718e+16
1432597.0432400128,486455450000000.0
-1432597.0432400128,2.67545e+16
1435915.7295200129,487119100000000.0
-1435915.7295200129,2.6791e+16
1439234.4158000129,487782750000000.0
-1439234.4158000129,2.68275e+16
1442553.102080013,488446400000000.0
-1442553.102080013,2.6864e+16
1445871.788360013,489110050000000.0
-1445871.788360013,2.69005e+16
1449190.474640013,489773700000000.0
-1449190.474640013,2.6937e+16
1452509.160920013,490437350000000.0
-1452509.160920013,2.69735e+16
1455827.847200013,491101000000000.0
-1455827.847200013,2.701e+16
1459146.533480013,491764650000000.0
-1459146.533480013,2.70465e+16
1462465.219760013,492428300000000.0
-1462465.219760013,2.7083e+16
1465783.906040013,493091950000000.0
-1465783.906040013,2.71195e+16
1469102.592320013,493755600000000.0
-1469102.592320013,2.7156e+16
1472421.278600013,494419250000000.0
-1472421.278600013,2.71925e+16
1475739.9648800131,495082900000000.0
-1475739.9648800131,2.7229e+16
1479058.6511600132,495746550000000.0
-1479058.6511600132,2.72655e+16
1482377.3374400132,496410200000000.0
-1482377.3374400132,2.7302e+16
1485696.0237200132,497073850000000.0
-1485696.0237200132,2.73385e+16
1489014.7100000132,497737500000000.0
-1489014.7100000132,2.7375e+16
1492333.3962800133,498401150000000.0
-1492333.3962800133,2.74115e+16
1495652.0825600133,499064800000000.0
-1495652.0825600133,2.7448e+16
1498970.7688400133,499728450000000.0
-1498970.7688400133,2.74845e+16
1502289.4551200133,500392100000000.0
-1502289.4551200133,2.7521e+16
1505608.1414000134,501055750000000.0
-1505608.1414000134,2.75575e+16
1508926.8276800134,501719400000000.0
-1508926.8276800134,2.7594e+16
1512245.5139600134,502383050000000.0
-1512245.5139600134,2.76305e+16
1515564.2002400134,503046700000000.0
-1515564.2002400134,2.7667e+16
1518882.8865200134,503710350000000.0
-1518882.8865200134,2.77035e+16
1522201.5728000135,504374000000000.0
-1522201.5728000135,2.774e+16
1525520.2590800135,505037650000000.0
-1525520.2590800135,2.77765e+16
1528838.9453600135,505701300000000.0
-1528838.9453600135,2.7813e+16
1532157.6316400135,506364950000000.0
-1532157.6316400135,2.78495e+16
1535476.3179200136,507028600000000.0
-1535476.3179200136,2.7886e+16
1538795.0042000136,507692250000000.0
-1538795.0042000136,2.79225e+16
1542113.6904800136,508355900000000.0
-1542113.6904800136,2.7959e+16
1545432.3767600136,509019550000000.0
-1545432.3767600136,2.79955e+16
1548751.0630400137,509683200000000.0
-1548751.0630400137,2.8032e+16
1552069.7493200137,510346850000000.0
-1552069.7493200137,2.80685e+16
1555388.4356000137,511010500000000.0
-1555388.4356000137,2.8105e+16
1558707.1218800137,511674150000000.0
-1558707.1218800137,2.81415e+16
1562025.8081600138,512337800000000.0
-1562025.8081600138,2.8178e+16
1565344.4944400138,513001450000000.0
-1565344.4944400138,2.82145e+16
1568663.1807200138,513665100000000.0
-1568663.1807200138,2.8251e+16
1571981.8670000138,514328750000000.0
-1571981.8670000138,2.82875e+16
1575300.5532800138,514992400000000.0
-1575300.5532800138,2.8324e+16
1578619.2395600139,515656050000000.0
-1578619.2395600139,2.83605e+16
1581937.925840014,516319700000000.0
-1581937.925840014,2.8397e+16
1585256.612120014,516983350000000.0
-1585256.612120014,2.84335e+16
1588575.298400014,517647000000000.0
-1588575.298400014,2.847e+16
1591893.984680014,518310650000000.0
-1591893.984680014,2.85065e+16
1595212.670960014,518974300000000.0
-1595212.670960014,2.8543e+16
1598531.357240014,519637950000000.0
-1598531.357240014,2.85795e+16
1601850.043520014,520301600000000.0
-1601850.043520014,2.8616e+16
1605168.729800014,520965250000000.0
-1605168.729800014,2.86525e+16
1608487.416080014,521628900000000.0
-1608487.416080014,2.8689e+16
1611806.102360014,522292550000000.0
-1611806.102360014,2.87255e+16
1615124.7886400141,522956200000000.0
-1615124.7886400141,2.8762e+16
1618443.4749200142,523619850000000.0
-1618443.4749200142,2.87985e+16
1621762.1612000142,524283500000000.0
-1621762.1612000142,2.8835e+16
1625080.8474800142,524947150000000.0
-1625080.8474800142,2.88715e+16
1628399.5337600142,525610800000000.0
-1628399.5337600142,2.8908e+16
1631718.2200400142,526274450000000.0
-1631718.2200400142,2.89445e+16
1635036.9063200143,526938100000000.0
-1635036.9063200143,2.8981e+16
1638355.5926000143,527601750000000.0
-1638355.5926000143,2.90175e+16
1641674.2788800143,528265400000000.0
-1641674.2788800143,2.9054e+16
1644992.9651600143,528929050000000.0
-1644992.9651600143,2.90905e+16
1648311.6514400144,529592700000000.0
-1648311.6514400144,2.9127e+16
1651630.3377200144,530256350000000.0
-1651630.3377200144,2.91635e+16
1654949.0240000144,530920000000000.0
-1654949.0240000144,2.92e+16
1658267.7102800144,531583650000000.0
-1658267.7102800144,2.92365e+16
1661586.3965600145,532247300000000.0
-1661586.3965600145,2.9273e+16
1664905.0828400145,532910950000000.0
-1664905.0828400145,2.93095e+16
1668223.7691200145,533574600000000.0
-1668223.7691200145,2.9346e+16
1671542.4554000145,534238250000000.0
-1671542.4554000145,2.93825e+16
1674861.1416800146,534901900000000.0
-1674861.1416800146,2.9419e+16
1678179.8279600146,535565550000000.0
-1678179.8279600146,2.94555e+16
1681498.5142400146,536229200000000.0
-1681498.5142400146,2.9492e+16
1684817.2005200146,536892850000000.0
-1684817.2005200146,2.95285e+16
1688135.8868000146,537556500000000.0
-1688135.8868000146,2.9565e+16
1691454.5730800147,538220150000000.0
-1691454.5730800147,2.96015e+16
1694773.2593600147,538883800000000.0
-1694773.2593600147,2.9638e+16
1698091.9456400147,539547450000000.0
-1698091.9456400147,2.96745e+16
1701410.6319200147,540211100000000.0
-1701410.6319200147,2.9711e+16
1704729.3182000148,540874750000000.0
-1704729.3182000148,2.97475e+16
1708048.0044800148,541538400000000.0
-1708048.0044800148,2.9784e+16
1711366.6907600148,542202050000000.0
-1711366.6907600148,2.98205e+16
1714685.3770400148,542865700000000.0
-1714685.3770400148,2.9857e+16
1718004.0633200149,543529350000000.0
-1718004.0633200149,2.98935e+16
1721322.7496000149,544193000000000.0
-1721322.7496000149,2.993e+16
1724641.435880015,544856650000000.0
-1724641.435880015,2.99665e+16
1727960.122160015,545520300000000.0
-1727960.122160015,3.0003e+16
1731278.808440015,546183950000000.0
-1731278.808440015,3.00395e+16
1734597.494720015,546847600000000.0
-1734597.494720015,3.0076e+16
1737916.181000015,547511250000000.0
-1737916.181000015,3.01125e+16
1741234.867280015,548174900000000.0
-1741234.867280015,3.0149e+16
1744553.553560015,548838550000000.0
-1744553.553560015,3.01855e+16
1747872.239840015,549502200000000.0
-1747872.239840015,3.0222e+16
1751190.926120015,550165850000000.0
-1751190.926120015,3.02585e+16
1754509.6124000151,550829500000000.0
-1754509.6124000151,3.0295e+16
1757828.2986800151,551493150000000.0
-1757828.2986800151,3.03315e+16
1761146.9849600152,552156800000000.0
-1761146.9849600152,3.0368e+16
1764465.6712400152,552820450000000.0
-1764465.6712400152,3.04045e+16
1767784.3575200152,553484100000000.0
-1767784.3575200152,3.0441e+16
1771103.0438000152,554147750000000.0
-1771103.0438000152,3.04775e+16
1774421.7300800153,554811400000000.0
-1774421.7300800153,3.0514e+16
1777740.4163600153,555475050000000.0
-1777740.4163600153,3.05505e+16
1781059.1026400153,556138700000000.0
-1781059.1026400153,3.0587e+16
1784377.7889200153,556802350000000.0
-1784377.7889200153,3.06235e+16
1787696.4752000154,557466000000000.0
-1787696.4752000154,3.066e+16
1791015.1614800154,558129650000000.0
-1791015.1614800154,3.06965e+16
1794333.8477600154,558793300000000.0
-1794333.8477600154,3.0733e+16
1797652.5340400154,559456950000000.0
-1797652.5340400154,3.07695e+16
1800971.2203200154,560120600000000.0
-1800971.2203200154,3.0806e+16
1804289.9066000155,560784250000000.0
-1804289.9066000155,3.08425e+16
1807608.5928800155,561447900000000.0
-1807608.5928800155,3.0879e+16
1810927.2791600155,562111550000000.0
-1810927.2791600155,3.09155e+16
1814245.9654400155,562775200000000.0
-1814245.9654400155,3.0952e+16
1817564.6517200156,563438850000000.0
-1817564.6517200156,3.09885e+16
1820883.3380000156,564102500000000.0
-1820883.3380000156,3.1025e+16
1824202.0242800156,564766150000000.0
-1824202.0242800156,3.10615e+16
1827520.7105600156,565429800000000.0
-1827520.7105600156,3.1098e+16
1830839.3968400157,566093450000000.0
-1830839.3968400157,3.11345e+16
1834158.0831200157,566757100000000.0
-1834158.0831200157,3.1171e+16
1837476.7694000157,567420750000000.0
-1837476.7694000157,3.12075e+16
1840795.4556800157,568084400000000.0
-1840795.4556800157,3.1244e+16
1844114.1419600158,568748050000000.0
-1844114.1419600158,3.12805e+16
1847432.8282400158,569411700000000.0
-1847432.8282400158,3.1317e+16
1850751.5145200158,570075350000000.0
-1850751.5145200158,3.13535e+16
1854070.2008000158,570739000000000.0
-1854070.2008000158,3.139e+16
1857388.8870800158,571402650000000.0
-1857388.8870800158,3.14265e+16
1860707.5733600159,572066300000000.0
-1860707.5733600159,3.1463e+16
1864026.259640016,572729950000000.0
-1864026.259640016,3.14995e+16
1867344.945920016,573393600000000.0
-1867344.945920016,3.1536e+16
1870663.632200016,574057250000000.0
-1870663.632200016,3.15725e+16
1873982.318480016,574720900000000.0
-1873982.318480016,3.1609e+16
1877301.004760016,575384550000000.0
-1877301.004760016,3.16455e+16
1880619.691040016,576048200000000.0
-1880619.691040016,3.1682e+16
1883938.377320016,576711850000000.0
-1883938.377320016,3.17185e+16
1887257.063600016,577375500000000.0
-1887257.063600016,3.1755e+16
1890575.749880016,578039150000000.0
-1890575.749880016,3.17915e+16
1893894.436160016,578702800000000.0
-1893894.436160016,3.1828e+16
1897213.1224400161,579366450000000.0
-1897213.1224400161,3.18645e+16
1900531.8087200162,580030100000000.0
-1900531.8087200162,3.1901e+16
1903850.4950000162,580693750000000.0
-1903850.4950000162,3.19375e+16
1907169.1812800162,581357400000000.0
-1907169.1812800162,3.1974e+16
1910487.8675600162,582021050000000.0
-1910487.8675600162,3.20105e+16
1913806.5538400162,582684700000000.0
-1913806.5538400162,3.2047e+16
1917125.2401200163,583348350000000.0
-1917125.2401200163,3.20835e+16
1920443.9264000163,584012000000000.0
-1920443.9264000163,3.212e+16
1923762.6126800163,584675650000000.0
-1923762.6126800163,3.21565e+16
1927081.2989600163,585339300000000.0
-1927081.2989600163,3.2193e+16
1930399.9852400164,586002950000000.0
-1930399.9852400164,3.22295e+16
1933718.6715200164,586666600000000.0
-1933718.6715200164,3.2266e+16
1937037.3578000164,587330250000000.0
-1937037.3578000164,3.23025e+16
1940356.0440800164,587993900000000.0
-1940356.0440800164,3.2339e+16
1943674.7303600165,588657550000000.0
-1943674.7303600165,3.23755e+16
1946993.4166400165,589321200000000.0
-1946993.4166400165,3.2412e+16
1950312.1029200165,589984850000000.0
-1950312.1029200165,3.24485e+16
1953630.7892000165,590648500000000.0
-1953630.7892000165,3.2485e+16
1956949.4754800166,591312150000000.0
-1956949.4754800166,3.25215e+16
1960268.1617600166,591975800000000.0
-1960268.1617600166,3.2558e+16
1963586.8480400166,592639450000000.0
-1963586.8480400166,3.25945e+16
1966905.5343200166,593303100000000.0
-1966905.5343200166,3.2631e+16
1970224.2206000166,593966750000000.0
-1970224.2206000166,3.26675e+16
1973542.9068800167,594630400000000.0
-1973542.9068800167,3.2704e+16
1976861.5931600167,595294050000000.0
-1976861.5931600167,3.27405e+16
1980180.2794400167,595957700000000.0
-1980180.2794400167,3.2777e+16
1983498.9657200167,596621350000000.0
-1983498.9657200167,3.28135e+16
1986817.6520000168,597285000000000.0
-1986817.6520000168,3.285e+16
1990136.3382800168,597948650000000.0
-1990136.3382800168,3.28865e+16
1993455.0245600168,598612300000000.0
-1993455.0245600168,3.2923e+16
1996773.7108400168,599275950000000.0
-1996773.7108400168,3.29595e+16
2000092.3971200169,599939600000000.0
-2000092.3971200169,3.2996e+16
2003411.0834000169,600603250000000.0
-2003411.0834000169,3.30325e+16
2006729.769680017,601266900000000.0
-2006729.769680017,3.3069e+16
2010048.455960017,601930550000000.0
-2010048.455960017,3.31055e+16
2013367.142240017,602594200000000.0
-2013367.142240017,3.3142e+16
2016685.828520017,603257850000000.0
-2016685.828520017,3.31785e+16
2020004.514800017,603921500000000.0
-2020004.514800017,3.3215e+16
2023323.201080017,604585150000000.0
-2023323.201080017,3.32515e+16
2026641.887360017,605248800000000.0
-2026641.887360017,3.3288e+16
2029960.573640017,605912450000000.0
-2029960.573640017,3.33245e+16
2033279.259920017,606576100000000.0
-2033279.259920017,3.3361e+16
2036597.9462000171,607239750000000.0
-2036597.9462000171,3.33975e+16
2039916.6324800171,607903400000000.0
-2039916.6324800171,3.3434e+16
2043235.3187600172,608567050000000.0
-2043235.3187600172,3.34705e+16
2046554.0050400172,609230700000000.0
-2046554.0050400172,3.3507e+16
2049872.6913200172,609894350000000.0
-2049872.6913200172,3.35435e+16
2053191.3776000172,610558000000000.0
-2053191.3776000172,3.358e+16
2056510.0638800173,611221650000000.0
-2056510.0638800173,3.36165e+16
2059828.7501600173,611885300000000.0
-2059828.7501600173,3.3653e+16
2063147.4364400173,612548950000000.0
-2063147.4364400173,3.36895e+16
2066466.1227200173,613212600000000.0
-2066466.1227200173,3.3726e+16
2069784.8090000174,613876250000000.0
-2069784.8090000174,3.37625e+16
2073103.4952800174,614539900000000.0
-2073103.4952800174,3.3799e+16
2076422.1815600174,615203550000000.0
-2076422.1815600174,3.38355e+16
2079740.8678400174,615867200000000.0
-2079740.8678400174,3.3872e+16
2083059.5541200174,616530850000000.0
-2083059.5541200174,3.39085e+16
2086378.2404000175,617194500000000.0
-2086378.2404000175,3.3945e+16
2089696.9266800175,617858150000000.0
-2089696.9266800175,3.39815e+16
2093015.6129600175,618521800000000.0
-2093015.6129600175,3.4018e+16
2096334.2992400175,619185450000000.0
-2096334.2992400175,3.40545e+16
2099652.9855200173,619849100000000.0
-2099652.9855200173,3.4091e+16
2102971.6718000174,620512750000000.0
-2102971.6718000174,3.41275e+16
2106290.3580800174,621176400000000.0
-2106290.3580800174,3.4164e+16
2109609.0443600174,621840050000000.0
-2109609.0443600174,3.42005e+16
2112927.7306400174,622503700000000.0
-2112927.7306400174,3.4237e+16
2116246.4169200175,623167350000000.0
-2116246.4169200175,3.42735e+16
2119565.1032000175,623831000000000.0
-2119565.1032000175,3.431e+16
2122883.7894800175,624494650000000.0
-2122883.7894800175,3.43465e+16
2126202.4757600175,625158300000000.0
-2126202.4757600175,3.4383e+16
2129521.1620400175,625821950000000.0
-2129521.1620400175,3.44195e+16
2132839.8483200176,626485600000000.0
-2132839.8483200176,3.4456e+16
2136158.5346000176,627149250000000.0
-2136158.5346000176,3.44925e+16
2139477.2208800176,627812900000000.0
-2139477.2208800176,3.4529e+16
2142795.9071600176,628476550000000.0
-2142795.9071600176,3.45655e+16
2146114.5934400177,629140200000000.0
-2146114.5934400177,3.4602e+16
2149433.2797200177,629803850000000.0
-2149433.2797200177,3.46385e+16
2152751.9660000177,630467500000000.0
-2152751.9660000177,3.4675e+16
2156070.6522800177,631131150000000.0
-2156070.6522800177,3.47115e+16
2159389.3385600178,631794800000000.0
-2159389.3385600178,3.4748e+16
2162708.024840018,632458450000000.0
-2162708.024840018,3.47845e+16
2166026.711120018,633122100000000.0
-2166026.711120018,3.4821e+16
2169345.397400018,633785750000000.0
-2169345.397400018,3.48575e+16
2172664.083680018,634449400000000.0
-2172664.083680018,3.4894e+16
2175982.769960018,635113050000000.0
-2175982.769960018,3.49305e+16
2179301.456240018,635776700000000.0
-2179301.456240018,3.4967e+16
2182620.142520018,636440350000000.0
-2182620.142520018,3.50035e+16
2185938.828800018,637104000000000.0
-2185938.828800018,3.504e+16
2189257.515080018,637767650000000.0
-2189257.515080018,3.50765e+16
2192576.201360018,638431300000000.0
-2192576.201360018,3.5113e+16
2195894.887640018,639094950000000.0
-2195894.887640018,3.51495e+16
2199213.573920018,639758600000000.0
-2199213.573920018,3.5186e+16
2202532.260200018,640422250000000.0
-2202532.260200018,3.52225e+16
2205850.946480018,641085900000000.0
-2205850.946480018,3.5259e+16
2209169.632760018,641749550000000.0
-2209169.632760018,3.52955e+16
2212488.319040018,642413200000000.0
-2212488.319040018,3.5332e+16
2215807.005320018,643076850000000.0
-2215807.005320018,3.53685e+16
2219125.691600018,643740500000000.0
-2219125.691600018,3.5405e+16
2222444.377880018,644404150000000.0
-2222444.377880018,3.54415e+16
2225763.064160018,645067800000000.0
-2225763.064160018,3.5478e+16
2229081.7504400183,645731450000000.0
-2229081.7504400183,3.55145e+16
2232400.4367200183,646395100000000.0
-2232400.4367200183,3.5551e+16
2235719.1230000183,647058750000000.0
-2235719.1230000183,3.55875e+16
2239037.8092800183,647722400000000.0
-2239037.8092800183,3.5624e+16
2242356.4955600183,648386050000000.0
-2242356.4955600183,3.56605e+16
2245675.1818400184,649049700000000.0
-2245675.1818400184,3.5697e+16
2248993.8681200184,649713350000000.0
-2248993.8681200184,3.57335e+16
2252312.5544000184,650377000000000.0
-2252312.5544000184,3.577e+16
2255631.2406800184,651040650000000.0
-2255631.2406800184,3.58065e+16
2258949.9269600185,651704300000000.0
-2258949.9269600185,3.5843e+16
2262268.6132400185,652367950000000.0
-2262268.6132400185,3.58795e+16
2265587.2995200185,653031600000000.0
-2265587.2995200185,3.5916e+16
2268905.9858000185,653695250000000.0
-2268905.9858000185,3.59525e+16
2272224.6720800186,654358900000000.0
-2272224.6720800186,3.5989e+16
2275543.3583600186,655022550000000.0
-2275543.3583600186,3.60255e+16
2278862.0446400186,655686200000000.0
-2278862.0446400186,3.6062e+16
2282180.7309200186,656349850000000.0
-2282180.7309200186,3.60985e+16
2285499.4172000187,657013500000000.0
-2285499.4172000187,3.6135e+16
2288818.1034800187,657677150000000.0
-2288818.1034800187,3.61715e+16
2292136.7897600187,658340800000000.0
-2292136.7897600187,3.6208e+16
2295455.4760400187,659004450000000.0
-2295455.4760400187,3.62445e+16
2298774.1623200187,659668100000000.0
-2298774.1623200187,3.6281e+16
2302092.848600019,660331750000000.0
-2302092.848600019,3.63175e+16
2305411.534880019,660995400000000.0
-2305411.534880019,3.6354e+16
2308730.221160019,661659050000000.0
-2308730.221160019,3.63905e+16
2312048.907440019,662322700000000.0
-2312048.907440019,3.6427e+16
2315367.593720019,662986350000000.0
-2315367.593720019,3.64635e+16
2318686.280000019,663650000000000.0
-2318686.280000019,3.65e+16
2322004.966280019,664313650000000.0
-2322004.966280019,3.65365e+16
