6
1.989e+30
4.867e+24
5.972e+24
5.972e+23
8.98e+26
5.683e+26
0.0,0.0
67966602233.382454,83931763837.35284
46228942358.49214,142278054837.75497
103055843440.87709,-202258480990.75952
304184183528.8996,716613028412.7249
39388578146.24918,137364296349.58577
4284.792949917554,14290.646215783403
65559039761.02788,85772088735.94566
43764266823.993484,143028938204.3181
104908748518.03685,-201292792188.75262
303145003442.4681,717052357141.0151
36843885999.77235,138043526677.4873
12601.697253103455,42949.572057473066
63099806070.50956,87544932728.85774
41283474155.393326,143735192111.08102
106752764433.21089,-200310045215.71127
302105186367.3751,717490179206.1238
34286709584.929356,138675879027.07346
24696.440317235414,86049.7659488895
60590777429.093506,89248820224.97035
38787372475.860916,144396632862.08472
108587733768.80821,-199310321195.49863
301064734484.424,717926493685.216
31717910992.04256,139261114056.29248
40313.24360216042,143659.53521644772
58033873976.12881,90882326963.21947
36276771523.59416,145013083642.26303
110413499835.84943,-198293702712.73065
300023649975.79803,718361299658.6516
29138357186.47486,139799008291.10303
59194.90859620205,215842.4714980994
55431058386.319046,92444081420.6522
33752482781.265106,145584374992.31647
112229906687.66054,-197260273806.45303
298981935025.05695,718794596209.9854
26548919717.798836,140289354229.48395
81082.9036960835,302657.4176993524
52784334483.5715,93932766190.30444
31215319578.63864,146110345260.83185
114036799133.51607,-196210119963.6871
297939591817.1336,719226382425.9663
23950474426.508682,140731960440.52728
105717.4519647513,404158.4365231549
50095745805.85442,95347119326.92235
28666097170.201435,146590841035.90564
115834022752.23016,-195143328112.8456
296896622538.33014,719656657396.538
21343901148.341972,141126651658.51352
132837.61974050943,520394.7806001568
47367374121.58402,96685935658.52089
26105632789.388252,147025717558.17703
117621423905.69441,-194059986617.0183
295853029376.3145,720085420214.8381
18730083416.283134,141473268871.8736
162181.40606998996,651410.8642455544
44601337898.15766,97948068061.745
23534745680.78308,147414839116.88037
119398849752.36111,-192960185267.12784
294808814520.1165,720512669977.1985
16109908160.325098,141771669406.94647
193485.83293659595,797246.2368683883
41799790723.34751,99132428698.97295
20954257111.496025,147758079430.27518
121166148260.67076,-191844015274.95633
293763980160.1239,720938405783.1443
13484265405.06961,142021727006.44507
226487.03625515546,957935.5580587913
38964919680.369446,100237990215.07747
18364990362.76862,148055322011.5978
122923168222.42226,-190711569266.04294
292718528488.07837,721362626735.3937
10854047965.250607,142223331902.54703
260920.35760262478,1133508.574378285
36098943677.54505,101263786891.73726
15767770702.735525,148306460521.49658
124669759266.08488,-189562941272.45294
291672461697.07153,721785331939.8574
8220151139.268597,142376390884.5307
296520.43665377423,1323990.097877779
33204111733.5793,102208915757.17014
13163425341.16579,148511399107.75504
126405771870.05045,-188398226725.41852
290625781981.54047,722206520505.6384
5583472400.827381,142480827360.87943
333021.3042898838,1529399.9863674613
30282701219.58275,103072537649.13924
10552783366.91892,148670052732.97314
128131057375.8245,-187217522447.8519
289578491537.26355,722626191545.0308
2944911088.7676077,142536581415.78107
370156.47634756804,1749753.1254622592
27337016059.073875,103853878229.06464
7936675668.777405,148782347490.75952
129845468001.15532,-186020926646.73114
288530592561.35596,723044344173.5193
305368095.194715,142543609859.9527
407659.0479739429,1985059.4124260067
24369384887.303642,104552228945.05586
5315934840.255867,148848220910.8863
131548856853.09935,-184808538905.35904
287482087252.2652,723460977509.7792
-2334254447.998288,142501886275.72314
445261.78855344263,2235323.7418368775
21382159171.349567,105166947941.66466
2691395068.935897,148867622253.77078
133241077941.0218,-183580460175.4957
286432977809.7663,723876090675.6747
-4973053484.109952,142411401056.30978
482697.23717069195,2500545.9930960275
18377711292.5293,105697460914.14404
63892010.83328247,148840512794.5704
134921986189.53123,-182336792769.365
285383266434.9573,724289682796.2589
-7610125348.005449,142272161439.22855
519697.79857294017,2780721.0198007403
15358432592.782434,106143261904.98877
-2565737349.730391,148766866097.1108
136591437451.34668,-181077640351.53577
284332955330.25415,724701752999.7728
-10244566083.77893,142084191533.7792
555995.8395946729,3075838.641002679
12326731386.76274,106503914040.52557
-5196654854.308197,148646668277.8075
138249288520.09628,-179803107930.678
283282046699.38605,725112300417.6447
-12875471763.591908,141847532342.55164
591323.7860061286,3385883.634371122
9285030941.469418,106779050205.32
-7828021338.139704,148479918259.69
139895397143.04593,-178513301851.19455
282230542747.39026,725521324184.4891
-15501938807.573809,141562241776.90103
625414.2197465703,3710835.731280295
6235767425.323801,106968373652.17343
-10458996811.19174,148266628016.59152
141529622033.7568,-177208329784.7289
281178445680.607,725928823438.1067
-18123064304.668232,141228394666.3439
657999.9765022912,4050669.61383911
3181387828.665723,107071658545.50015
-13088740652.03997,148006822807.52704
143151822884.67044,-175888300721.54974
280125757706.6743,726334797319.4829
-20737946334.305836,140846082761.82916
688814.2435884756,4405354.913880773
124347857.70024776,107088750435.90553
-15716411814.214108,147700541401.24774
144761860379.62018,-174553324961.8125
279072481034.5227,726739244972.7877
-23345684288.782116,140415414732.84235
717590.658093186,4774856.213928851
-2932890196.030069,107019566663.83481
-18341169044.637775,147347836290.9278
146359596206.26767,-173203514106.6988
278018617874.3699,727142165545.3749
-25945379196.21573,139936516158.3032
744063.4052409108,5159133.050155442
-5987859608.539791,106864096690.23347
-20962171113.799915,146948773898.91275
147944893068.4631,-171838981049.43423
276964170437.7153,727543558187.7811
-28536134043.960197,139409529511.22037
767967.3169322907,5558139.91734615
-9038091396.533041,106622402352.2596
-23578577057.298553,146503434771.43488
149517614698.52814,-170459839966.18497
275909140937.33453,727943422053.7257
-31117054102.339226,138834614137.06985
789037.9704158299,5971826.275885526
-12081116508.632013,106294618042.22063
-26189546428.400154,146011913763.17938
151077625869.46002,-169066206306.83405
274853531587.274,728341756300.1097
-33687247248.573025,138211946225.86566
807011.7870466182,6400136.56077561
-15114468032.55207,105880950808.07704
-28794239561.258904,145474320211.56815
152624792407.05585,-167658196785.63773
273797344602.84497,728738560087.016
-36245824290.76038,137541718777.89453
821626.1310863208,6843010.192699064
-18135683416.065735,105381680374.06694
-31391817844.4404,144890778100.61142
154158981201.95566,-166235929371.7627
272740582200.61813,729133832577.708
-38791899291.77864,136824141563.08832
832619.408497956,7300381.5911372695
-21142306699.5823,104797159080.26016
-33981444004.39344,144261426214.16577
155680060221.6031,-164799523279.70477
271683246598.4178,729527572938.6301
-41324589892.9612,136059441074.00945
839731.1656882637,7772180.189552529
-24131890758.138687,104127811740.14885
-36562282398.51232,143586418278.42474
157187898522.12238,-163349098959.58963
270625340015.31598,729919780339.4066
-43843017637.41007,135247860472.42725
842702.1881497971,8258330.452642268
-27101999550.541534,103374135415.71822
-39133499317.42995,142865923093.46106
158682366260.1106,-161884778087.35645
269566864671.62674,730310453952.8418
-46346308292.79911,134389659529.46385
841274.5989542201,8758751.895671815
-30050210373.31179,102536699109.81023
-41694263296.17966,142100124653.631
160163334704.34363,-160406683554.82495
268507822788.9002,730699592954.9196
-48833592173.52189,133485114559.29054
835191.9570477039,9273359.105890982
-32974116116.954166,101616143375.98174
-44243745433.86064,141289222256.64746
161630676247.39508,-158914939459.64676
267448216589.91666,731087196524.8035
-51304004462.0376,132534518346.35628
824199.3552987677,9802061.766038248
-35871327521.8999,100613179846.45274
-46781119721.438385,140433430601.1231
163084264417.1664,-157409671095.14154
266388048298.68054,731473263844.8363
-53756685529.26767,131538180066.13235
808043.5182484174,10344764.679934869
-38739475431.252396,99528590679.12085
-49305563377.30752,139532979872.38376
164523973888.3276,-155891004940.01895
265327320140.4146,731857794100.5403
-56190781253.89613,130496425199.35858
786472.8995120162,10901367.800169755
-41576213037.20592,98363227924.96588
-51816257190.24015,138588115816.3485
165949680493.66672,-154359068647.98685
264266034341.55377,732240786480.6171
-58605443340.42748,129409595439.77893
759237.7787819598,11471766.257874377
-44379218117.71846,97118012817.46562
-54312385869.33765,137599099801.27396
167361261235.3473,-152813991037.24683
263204193129.73914,732622240176.9475
-60999829635.85718,128278048595.3575
726090.3583799563,12055850.394585375
-47146195259.71704,95793934985.87234
-56793138400.59831,136566208867.15776
168758594296.07263,-151255902079.87756
262141798733.81198,733002154384.5924
-63373104444.81145,127102158482.96924
686784.8593075066,12653505.79619093
-49874878064.81801,94392051594.35141
-59257708409.70741,135489735762.5972
170141559050.15543,-149684932891.10693
261078853383.80765,733380528301.7922
-65724438843.01509,125882314816.56412
641077.6167430695,13264613.328955336
-52563031333.27952,92913486409.05255
-61705294530.64921,134369988968.89803
171510036074.4917,-148101215718.47375
260015359310.9495,733757361129.9679
-68053010988.94785,124618923088.80885
588727.1749343667,13889049.177614503
-55208453221.69181,91359428795.1765
-64135100779.73361,133207292711.22818
172863907159.43796,-146504883930.87976
258951318747.64282,734132652073.7206
-70358006433.55176,123312404446.21588
529494.3814343376,14526684.885533553
-57808977369.77406,89731132646.0256
-66546336934.62203,132001986956.61108
174203055319.59024,-144896072007.5328
257886733927.46878,734506400340.8329
-72638618427.85315,121963195557.77582
463142.4806293953,15177387.39691595
-60362474991.59963,88029915245.90575
-68938218917.92857,130754427398.55183
175527364804.46402,-143274915526.7821
256821607085.17825,734878605142.2688
-74894048228.36438,120571748477.11644
389437.2065088566,15841019.101052025
-62866856926.623,86257156068.59999
-71309969184.96336,129464985428.08931
176836721109.07382,-141641551154.84637
255755940456.6859,735249265692.1744
-77123505400.13025,119138530498.21817
308146.8746247141,16517437.87859314
-65320075646.03126,84414295512.98666
-73660817115.1748,128134048091.06589
178131010984.41116,-139996116634.43573
254689736279.06396,735618381207.8792
-79326208117.28441,117664024004.72296
219042.47319128492,17206497.14983615
-67720127210.18233,82502833577.247
-75989999406.83618,126762018031.40541
179410122447.82007,-138338750773.2682
253622996790.53622,735985950909.8956
-81501383460.98004,116148726312.8799
121897.75327470156,17908045.925001312
-70065053173.20677,80524328473.01906
-78296760474.51018,125349313420.18922
180673944793.2686,-136669593432.48172
252555724230.47202,736351974021.9211
-83648267714.55838,114593149508.17741
16489.318022694773,18621928.85648527
-72352942431.21924,78480395180.81674
-80580352848.81113,123896367870.31944
181922368601.5157,-134988785514.94281
251487920839.3801,736716449770.8384
-85766106655.81694,112997820275.71706
-97403.2891143425,19347986.293069273
-74581933010.98857,76372703948.05125
-82840037577.96992,122403630336.55833
183155285750.17184,-133296468953.45232
250419588858.9027,737079377386.7164
-87854155846.23831,111363279724.38918
-219997.49721944093,20086054.336061414
-76750213796.32922,74202978731.06564
-85075084630.6903,120871565000.73364
184372589423.6527,-131592786698.84972
249350730531.80954,737440756102.8116
-89911680917.03862,109690083204.91481
-351507.62185009976,20835964.897350226
-78856026189.88255,71972995582.71501
-87284773299.76662,119300651141.9014
185574174123.0244,-129877882708.01654
248281348101.99173,737800585155.569
-91937957851.89406,107978800121.8223
-492144.7801314432,21597545.759345684
-80897665708.33856,69684580987.18468
-89468392605.91351,117691382991.26093
186759935675.7396,-128151901931.78015
247211443814.4559,738158863784.623
-93932273266.20287,106230013739.42989
-642116.8070479528,22370620.636782337
-82873483509.49576,67339610143.92388
-91625241701.23601,116044269571.62213
187929771245.26297,-126414990302.71864
246141019915.31827,738515591232.7994
-95893924682.73972,104444320981.9091
-801628.1729795206,23155009.24035801
-84781887849.86288,64940005202.76968
-93754630271.7444,114359834521.2324
189083579340.58548,-124667294722.86794
245070078651.79865,738870766746.1157
-97822220803.56004,102622332227.50584
-970879.9025268229,23950527.342180263
-86621345471.76941,62487733452.53327
-95855878938.29315,112638615901.78047
190221259825.62576,-122908963051.33214
243998622272.21466,739224389573.7833
-99716481778.01196,100764671096.9992
-1150069.494670235,24756986.84299162
-88390382919.17265,59984805465.50793
-97928319655.2952,110881165990.40799
191342713928.51797,-121140144091.79814
242926653025.97583,739576458968.2084
-101576039466.7149,98871974236.48001
-1339390.844305714,25574195.84114336
-90087587781.53296,57433273200.526505
-99971296106.53471,109088051055.5765
192447844250.785,-119360987579.9554
241854173163.57773,739926974184.9935
-103400237701.36543,96944891094.53413
-1539034.1652002332,26401958.703286473
-91711609865.2792,54835228067.34207
-101984164097.3708,107259851116.65819
193536554776.39597,-117571644170.82202
240781184936.59622,740275934482.9396
-105188432540.23267,94984083693.91785
-1749185.9144085129,27240076.13674735
-93261162292.51161,52192798955.22362
-103966291942.59428,105397159687.14438
194608750880.7068,-115772265425.9783
239707690597.6817,740623339124.0468
-106939992519.20816,92990226397.81526
-1970028.7181918875,28088345.26355453
-94735022526.69344,49508150228.75038
-105917060849.1682,103500583501.39641
195664339339.28305,-113963003800.70857
238633692400.55328,740969187373.5164
-108654298898.27733,90964005670.77086
-2201741.29947925,28946559.69608185
-96132033325.1728,46783479693.85263
-107835865293.05217,101570742224.89862
196703228336.60416,-112144012631.0526
237559192599.99323,741313478499.7528
-110330745903.2825,88906119834.39278
-2444498.406909064,29814509.614272278
-97451103618.45651,44021016537.18621
-109722113389.28088,99608268148.01491
197725327474.6474,-110315446120.76758
236484193451.84113,741656211774.365
-111968740962.85048,86817278817.92548
-2698470.7454904676,30691981.84440555
-98691209316.23177,41223019241.94517
-111575227254.43875,97613805863.29686
198730547781.3514,-108477459328.20189
235408697212.9884,741997386472.1682
-113567704940.36061,84698203903.79352
-2963824.9089204883,31578759.939371962
-99851394040.20398,38391773483.21378
-113394643360.64757,95588011926.44424
199718801718.9578,-106630208153.08157
234332706141.3726,742337001871.186
-115127072360.8325,82549627468.22098
-3240723.313593365,32474624.26041346
-100930769783.8894,35529590005.94004
-115179812880.16206,93531554501.07686
200690003192.2298,-104773849323.21082
233256222495.97183,742675057252.652
-116646291632.61563,80372292717.03413
-3529324.1343369135,33379352.060292393
-101928517499.57385,32638802488.57885
-116930202019.65045,91445112987.54057
201644067556.5475,-102908540381.08757
232179248536.79932,743011551901.0115
-118124825263.7666,78166953416.75789
-3829781.241909794,34292717.56784728
-102843887612.72177,29721765395.408386
-118645292343.22502,89329377636.03917
202580911625.8779,-101034439670.43536
231101786524.89786,743346485103.9241
-119562150073.00284,75934373621.1192
-4142244.142292422,35214492.07389417
-103676200464.19568,26780851820.468864
-120324581083.28181,87185049144.45694
203500453680.6199,-99151706322.65259
230023838722.3343,743679856152.2649
-120957757395.12498,73675327393.07375
-4466857.917803135,36144444.01843119
-104424846680.72276,23818451326.01138
-121967581438.20924,85012838241.31404
204402613475.3221,-97260500243.18036
228945407392.19412,744011664340.1272
-122311153280.80342,71390598522.47444
-4803763.170070073,37082339.079103194
-105089287474.12408,20836967778.277287
-123573822856.03438,82813465254.37666
205287312246.27353,-95360982097.79018
227866494798.57614,744341908964.824
-123621858690.62782,69080980239.50327
-5153095.964888035,38027940.26088266
-105669054869.90114,17838817183.356728
-125142851303.0929,80587659665.52603
206154472718.96564,-93453313298.79262
226787103206.58707,744670589326.8904
-124889409683.32162,66747274923.99005
-5514987.778988393,38981007.986922085
-106163751865.85445,14826425525.799591
-126674229516.83447,78336159652.57283
207004019115.42523,-91537655991.1682
225707234882.33612,744997704730.0853
-126113357598.02696,64390293810.74442
-5889565.4487488875,39941300.190532625
-106573052521.48795,11802226612.574137
-128167537241.91113,76059711618.78575
207835877161.41702,-89614173038.62167
224626892092.92984,745323254481.3943
-127293269230.56837,62010856691.02927
-6276951.120868939,40908572.40824296
-106896701979.03185,8768659924.888222
-129622371448.74013,73759069710.98318
208649974093.51508,-87683028009.56108
223546077106.46677,745647237891.0308
-128428727003.60724,59609791610.30615
-6677262.205034791,41882577.873891845
-107134516416.99326,5728168480.306129
-131038346533.7872,71434995327.11404
209446238666.0424,-85744385163.00264
222464792192.03223,745969654272.4388
-129519329130.60172,57187934562.385345
-7090611.3285975745,42863067.61370702
-107286382937.21898,2683196707.510655
-132415094500.87854,69088256614.32605
210224601157.87762,-83798409434.40288
221383039619.69308,746290502942.2954
-130564689773.49034,54746129180.11485
-7517106.29328608,43849790.54232294
-107352259386.52727,-363811664.02433395
-133752265122.92111,66719627958.58651
210984993379.12817,-81845266421.4192
220300821660.49265,746609783220.5122
-131564439194.02052,52285226422.744965
-7956850.0339747,44842493.55968897
-107332174114.0346,-3410415697.270942
-135049526083.48955,64329889466.979614
211727348677.66876,-79885122369.60025
219218140586.4455,746927494430.238
-132518223898.64624,49806084260.10655
-8409940.579525746,45840921.64881948
-107226225665.36967,-6454179321.700024
-136306563097.82365,61919826443.85555
212451601945.5447,-77918144158.00723
218134998670.53235,747243635897.8611
-133425706776.92249,47309567353.74313
-8876471.015723972,46844817.97433666
-107034582415.02905,-9492673386.142385
-137523080012.8716,59490228862.04827
213157689625.23914,-75944499284.76764
217051398186.695,747558206953.0111
-134286567233.32697,44796546735.13853
-9356529.450319832,47853923.98175676
-106757482138.18768,-12523477688.538082
-138698798886.10947,57041890830.41038
213845549715.80334,-73964355852.56258
215967341409.83133,747871206928.5618
-135100501312.44283,42267899481.183586
-9850198.980196688,48867979.4974698
-106395231523.33145,-15544182980.74073
-139833460042.96613,54575610058.93479
214515121778.84937,-71977882554.04916
214882830615.79016,748182635160.6329
-135867221817.43942,39724508387.02717
-10357557.660675801,49886722.8293628
-105948205627.12946,-18552392946.63114
-140926822112.7835,52092187322.74263
215166346944.40427,-69985248657.21916
213797868081.36636,748492490988.5928
-136586458421.79103,37167261636.458176
-10878678.47697163,50909890.86803628
-105416847273.00919,-21545726151.881916
-141978662043.3415,49592425926.215904
215799167916.62512,-67986623990.69528
212712456084.29587,748800773755.0604
-137257957774.17697,34597052469.96711
-11413629.317808624,51937219.188563265
-104801666394.93933,-24521817963.80187
-142988775094.07693,47077131168.541435
216413528979.37415,-65982178928.96655
211626596903.25073,749107482805.908
-137881483596.5098,32014778850.63716
-11962472.95120934,52968442.15274048
-104103239327.96164,-27478322439.776
-143956974808.22195,44547109811.90997
217009376001.6532,-63972084377.56404
210540292817.8342,749412617490.2628
-138456816775.04147,29421343128.01644
-12525267.002462368,54003293.011780575
-103322208047.0459,-30412914182.9032
-144883092964.17975,42003169553.5816
217586656442.8969,-61956511758.178345
209453546108.57584,749716177160.51
-138983755444.50104,26817651700.124435
-13102063.934277244,55041504.00939479
-102459279355.86998,-33323290163.51957
-145766979506.54343,39446118502.98681
218145319358.12378,-59935632993.720215
208366359056.92664,750018161172.2947
-139462115065.22064,24204614673.747257
-13692911.029132167,56082806.4852149
-101515224027.15047,-36207171505.3804
-146608502457.24466,36876764664.982216
218685315402.94455,-57909620493.325745
207278733945.25418,750318568884.5242
-139891728493.21072,21583145523.17769
-14297850.37381902,57126930.97850368
-100490875896.169,-39062305235.35775
-147407547807.39346,34295915430.322178
219206596838.42712,-55878647137.30748
206190673056.8379,750617399659.3706
-140272446043.1483,18954160747.557323
-14916918.84618888,58173607.33210292
-99387130909.15425,-41886465995.5936
-148164019390.43732,31704377074.343983
219709117535.81763,-53842886262.0529
205102178675.86417,750914652862.273
-140604135544.24646,16318579526.979397
-15550148.104099901,59222564.79656808
-98204946128.19057,-44677457717.130325
-148877838737.32617,29102954264.795242
220192832981.11655,-51802511644.87168
204013253087.4216,751210327861.9395
-140886682388.97748,13677323377.512064
-16197564.576568097,60273532.13443909
-96945338694.33157,-47433115254.12035
-149548944914.4207,26492449579.659664
220657700279.50974,-49757697488.79313
202923898577.49628,751504424030.35
-141119989574.6245,11031315805.30295
-16859189.45712035,61326237.72459645
-95609384750.59982,-50151305977.795746
-150177294344.92273,23873663035.762093
221103678159.6535,-47708618407.31533
201834117432.96698,751796940742.7582
-141303977737.64276,8381481959.92674
-17535038.699347615,62380409.66665244
-94198218326.55333,-52829931329.45536
-150762860614.64078,21247391628.857105
221530726977.81305,-45655449409.107346
200743911941.60052,752087877377.6942
-141438585180.81363,5728748287.138441
-18225123.014655028,63435775.885327205
-92713030186.09567,-55466928331.80251
-151305634262.92807,18614428885.828465
221938808721.85406,-43598365882.66598
199653284392.04706,752377233316.9664
-141523767893.18024,3074042181.1955967
-18929447.87220445,64492064.23475975
-91155066640.19894,-58060271058.03921
-151805622559.64957,15975564429.550339
222327887015.08643,-41537543580.92855
198562237073.83536,752665007945.6643
-141559499562.75702,418291636.9133096
-19648013.501043614,65549002.60270426
-89525628326.19794,-60607972058.19419
-152262849269.04318,13331583556.886377
222697927119.9599,-39473158605.843185
197470772277.3682,752951200652.1602
-141545771582.01016,-2237575098.383672
-20380814.89441494,66606319.01456243
-87826068955.30061,-63108083742.230995
-152677354401.34534,10683266830.230206
223048895941.61105,-37405387392.89805
196378892293.91763,753235810828.1119
-141482593046.11008,-4892629872.847332
-21127841.816235766,67663741.73720278
-86057794029.94289,-65558699719.54881
-153049193953.04752,8031389682.921265
223380762031.26086,-35334406695.61104
195286599415.62048,753518837868.4652
-141369990743.96164,-7545944977.866649
-21889078.809740663,68720999.38251844
-84222259532.5968,-67957956094.553314
-153378439636.64316,5376722038.803816
223693495589.46274,-33260393569.981453
194193895935.47366,753800281171.4554
-141208009142.02222,-10196593495.437292
-22664505.208275214,69777821.01067519
-82320970587.61928,-70304032718.03632
-153665178600.7112,2720027946.1345854
223987068469.20013,-31183525358.905106
193100784147.32956,754080140138.6104
-140996710360.92203,-12843649644.976524
-23454095.148229577,70833936.233002
-80355480097.70442,-72595154394.16254
-153909513141.16595,62065225.98638868
224261454178.83368,-29103979676.55439
192007266345.8915,754358414174.7522
-140736174144.90555,-15486189129.41953
-24257817.584098976,71889075.3144769
-78327387356.47635,-74829592042.91841
-154111560404.4824,-2596414864.758818
224516627884.89697,-27021934392.724846
190913344826.70917,754635102687.9998
-140426497824.11746,-18123289480.433994
-25075636.30565712,72942969.27576129
-76238336638.731,-77005663817.93181
-154271452083.68396,-5254667955.783511
224752566414.7409,-24937567617.14972
189819021886.17398,754910205089.771
-140067796269.7609,-20754030402.59048
-25907509.957227513,73995349.99473658
-74090015769.80579,-79121736179.6232
-154389334107.85364,-7911956871.07601
224969248259.02603,-22851057683.784077
188724299821.51465,755183720794.7848
-139660201842.15988,-23377494116.32714
-26753392.05903652,75045950.30749737
-71884154675.52408,-81176224923.69733
-154465366325.9034,-10567551922.081831
225166653574.06238,-20762583135.059963
187629180930.79257,755455649221.0636
-139203864331.7624,-25992765699.548317
-27613231.030630965,76094504.10875612
-69622523914.12871,-83167596165.03036
-154499722185.3088,-13220731186.34386
225344764183.99664,-18672322706.114197
186533667512.89737,755725989789.9353
-138698950893.1246,-28598933427.69789
-28486970.216342077,77140746.45161489
-67306933191.58445,-85094367277.05103
-154492588406.48682,-15870780771.743093
225503563582.8461,-16580455308.990313
185437761867.54227,755994741926.0354
-138145645971.9215,-31195089112.149563
-29374547.912776537,78184413.64665997
-64939229861.594055,-86955107786.75435
-154444164653.46674,-18516995066.480858
225643036936.37912,-14487160016.816233
184341466295.25974,756261905057.3094
-137544151225.03217,-33780328436.75785
-30275897.398314398,79225243.36033662
-62521297411.63643,-88748440225.52496
-154354663201.47473,-21158676974.969154
225763171083.8417,-12392616047.959206
183244783097.3969,756527478615.0149
-136894685433.75342,-36353751292.415245
-31190946.96459273,80262974.71256089
-60055053936.298454,-90473040935.98138
-154224308602.0242,-23795138139.81838
225863954539.53,-10297002750.159586
182147714576.1111,756791462033.7234
-136197484410.1984,-38914462109.462715
-32119619.94995287,81297348.37352712
-57542450599.13452,-92127640835.08578
-154053337346.07614,-26425699150.131294
225945377494.20828,-8200499584.645028
181050263034.3654,757053854751.3229
-135452800896.94106,-41461570187.80281
-33061834.774828248,82328106.6596695
-54985470084.250015,-93711026133.79298
-153841997525.806,-29049689736.329273
226007431816.3721,-6103286110.226663
179952430775.92407,757314656209.0197
-134660904459.97144,-43994190024.56651
-34017504.97904885,83354993.62873761
-52386125038.76664,-95222039013.53992
-153590548495.48752,-31666448951.75149
226050111053.35663,-4005541967.3788395
178854220105.34827,757573865851.3405
-133822081375.02986,-46511441639.18734
-34986539.2610376,84377755.17394617
-49746456507.28929,-96659578259.9013
-153299260531.97733,-34275325341.28038
226073410432.28946,-1907446862.30402
177755633327.99146,757831483126.1345
-132936634507.39238,-49012450895.73829
-35968841.51887302,85396139.11715995
-47068532359.45576,-98022599853.75935
-152968414495.25998,-36875677097.25744
226077326860.88818,190819449.0155921
176656672749.995,758087507484.5757
-132004883185.18277,-51496349822.38977
-36964310.893191665,86409895.30107594
-44354445711.61249,-99310117520.35501
-152598301489.4889,-39466872202.96255
226061858928.10205,2289077176.7780895
175557340678.28375,758341938381.1643
-131027163066.29027,-53962276927.84902
-37972841.81190327,87418775.68036532
-41606313343.621544,-100521203236.6055
-152189222524.9353,-42048288563.93767
226027006904.59775,4387146513.331975
174457639420.5616,758594775273.7295
-130003825998.97519,-56409377514.644165
-38994324.03669049,88422534.41173875
-38826274111.766495,-101654987697.08777
-151741488181.23566,-44619314127.44216
225972772743.08926,6484847649.154742
173357571285.30707,758846017623.4307
-128935239876.24812,-58836803989.11865
-40028642.71126461,89420927.94289924
-36016487358.68789,-102710660739.1004
-151255418272.30634,-47179346990.33223
225899160078.51117,8582000788.838333
172257138581.7688,759095664894.76
-127821788484.1112,-61243716168.004654
-41075678.41134777,90413715.10034792
-33179131321.24248,-103687471727.22655
-150731341513.27444,-49727795495.66141
225806174228.03583,10678426167.07985
171156343619.96127,759343716555.5443
-126663871343.75319,-63629281581.4467
-42135307.196351565,91400657.1760086
-30316401537.144707,-104584729897.82947
-150169595189.75348,-52264078318.302345
225693822190.93387,12773944064.675924
170055188710.6603,759590172076.9467
-125461903547.7928,-65992675772.349785
-43207400.66272135,92381518.01263802
-27430509251.213913,-105401804663.91808
-149570524829.77426,-54787624539.89302
225562112648.27808,14868374824.519127
168953676165.39868,759835030933.4685
-124216315590.66788,-68333082591.92913
-44291825.99891479,93356064.08798958
-24523679822.016804,-106138125880.8248
-148934483878.66284,-57297873713.4124
225411055962.4906,16961538867.594791
167851808296.4617,760078292602.9517
-122927553193.27007,-70649694491.3418
-45388446.04198267,94324064.59769924
-21598151129.661545,-106793184073.14035
-148261833377.14023,-59794275917.69222
225240664176.73337,19053256708.976658
166749587416.88284,760319956566.58
-121596077121.92801,-72941712809.28336
-46497119.33571941,95285291.53686304
-18656171985.467865,-107366530623.35107
-147552941642.90158,-62276291802.172424
225050951014.14148,21143348973.819695
165647015840.4393,760560022308.8813
-120222363001.84375,-75208348055.43607
-47617700.19035015,96239519.78027685
-15700000544.206621,-107857777922.62367
-146808183955.91608,-64743392622.20814
224841931876.89996,23231636413.348484
164544095881.64767,760798489317.7296
-118806901125.0901,-77448820189.65808
-48750038.74372084,97186527.16130948
-12731902719.572605,-108266599484.17964
-146027942247.67334,-67195060265.23643
224613623845.16345,25317939920.839558
163440829855.75946,761035357084.3461
-117350196253.27849,-79662358896.80646
-49893981.023957014,98126094.5493818
-9754150603.525852,-108592730019.6981
-145212604794.5866,-69630787268.1103
224366045675.81897,27402080547.596046
162337220078.75674,761270625103.3015
-115852767415.00914,-81848203857.09003
-51049369.01355688,99058005.92602473
-6769020890.109596,-108835965479.18027
-144362565915.7485,-72050076825.90704
224099217801.09192,29483879518.913002
161233268867.34784,761504292872.518
-114315147698.21747,-84005605011.85147
-52216040.71488347,99982048.45949046
-3778793304.3271713,-108996163054.70247
-143478225675.2202,-74452442792.51645
223813162326.9951,31563158250.031822
160128978538.96277,761736359893.2704
-112737884037.5325,-86133822824.68127
-53393830.21702049,100898012.57789199
-785749036.6357684,-109073241148.4768
-142559989589.02173,-76837409673.31352
223507903031.62094,33639738362.08206
159024351411.74902,761966825670.1885
-111121536996.76486,-88232128537.76955
-54582567.76395601,101805692.04084691
2207830816.4080153,-109067179305.62979
-141608268336.97668,-79204512610.21796
223183465363.27716,35713441698.0091
157919389804.56708,762195689711.2583
-109466680546.64365,-90299804423.4052
-55782079.82405772,102704884.00960253
5199666804.837404,-108978018112.09949
-140623477479.55228,-81553297359.44098
222839876438.46558,37784090338.48595
156814096036.98605,762422951527.8239
-107773901837.92303,-92336144030.53531
-56992189.16080325,103595389.11562018
8187482670.806007,-108805859058.04108
-139606037179.82208,-83883320262.21739
222477165039.70447,39851506617.80761
155708472429.27933,762648610634.5891
-106043800969.98117,-94340452426.30089
-58212714.90472865,104477011.52759764
11169006886.484749,-108550864367.11908
-138556371930.66714,-86194148208.81816
222095361613.19467,41915513139.76642
154602521302.42017,762872666549.6193
-104276990755.03485,-96312046432.46886
-59443472.6265579,105349559.01690944
14141974183.867115,-108213256792.05252
-137474910287.3184,-88485358596.13576
221694498266.3292,43975932793.50658
153496244978.07727,763095118794.3424
-102474096478.09518,-98250254856.68333
-60684274.41147604,106212843.02144589
17104127076.040007,-107793319376.76633
-136362084605.33203,-90756539279.13123
221274608765.04694,46032588769.35644
152389645778.61047,763315966893.5514
-100635755652.7904,-100154418718.4629
-61934928.93450822,107066678.70783253
20053217369.491302,-107291395185.48897
-135218330784.07784,-93007288516.42819
220835728531.03043,48085304574.63678
151282726027.0663,763535210375.4052
-98762617773.18304,-102023891469.87404
-63195241.5369669,107910885.03201263
22987007667.03737,-106707886999.12254
-134044088015.80968,-95237214910.33542
220377894638.74783,50133904049.44352
150175488047.17365,763752848771.4303
-96855344061.70964,-103858039210.81424
-64465014.30392909,108745284.79817641
25903272860.96443,-106043256979.19771
-132839798540.37645,-97445937341.57529
219901145812.3396,52178211382.4032
149067934163.3393,763968881616.5227
-94914607213.37209,-105656240898.8419
-65744046.14270549,109569704.71602157
28799801615.986652,-105298026299.71098
-131605907405.62181,-99633084898.99118
219405522422.3497,54218051126.39966
147960066700.64365,764183308448.949
-92941091136.31033,-107417888553.49365
-67032132.86226313,110383975.4563305
31674397841.63124,-104472774747.12816
-130342862233.5106,-101798296804.50218
218891066482.30206,56253248214.27022
146851887984.83624,764396128810.3479
-90935490688.88693,-109142387455.0329
-68329067.25356314,111187931.70485081
34524882153.66679,-103568140288.82245
-129051112992.01077,-103941222333.56885
218357821645.12216,58283627974.469826
145743400342.33142,764607342245.7319
-88898511413.41432,-110829156337.57738
-69634639.17077506,111981412.21446641
37349093324.19523,-102584818610.2019
-127731111772.75,-106061520731.42853
217805833199.40427,60309016146.7015
144634606100.2039,764816948303.4885
-86830869266.65623,-112477627576.5563
-70948635.61332919,112764259.85564744
40144889720.03066,-101523562620.76611
-126383312574.45764,-108158861125.35367
217235148065.52454,62329238897.51146
143525507586.1844,765024946535.382
-84733290347.235,-114087247370.45163
-72270840.8087682,113536321.66516836
42910150728.989334,-100385181929.318
-125008171092.19394,-110232922433.18114
216645814791.6005,64344122835.84734
142416107128.65524,765231336496.5541
-82606510620.07669,-115657475916.78117
-73601036.29635952,114297448.89308424
45642778173.71489,-99170542288.54286
-123606144512.36038,-112283393268.35493
216037883549.2968,66353495028.57793
141306407056.646,765436117745.5261
-80451275638.02618,-117187787582.28458
-74939001.01142977,115047497.04795639
48340697712.661156,-97880565009.1531
-122177691313.47746,-114309971841.71909
215411406129.47836,68357183015.97268
140196409699.829,765639289844.1998
-78268340260.76434,-118677671067.2767
-76284511.37038258,115786325.94031923
51001860227.85142,-96516226343.78432
-120723271072.70853,-116312365860.29152
214766435937.71036,70355014827.1396
139086117388.51505,765840852357.8591
-76058468371.1594,-120126629564.13623
-77637341.3563614,116513799.72438112
53624243199.02849,-95078556840.8156
-119243344278.10153,-118290292423.2439
214103027989.60635,72346818995.41975
137975532453.6489,766040804855.1708
-73822432589.18445,-121534180909.90045
-78997262.60551861,117229786.9379532
56205852063.803764,-93568640668.27567
-117738372146.51389,-120243477915.3062
213421238906.0244,74332424573.73683
136864657226.80496,766239146908.1863
-71561013983.53297,-122899857732.94081
-80364044.49385262,117934160.54060043
58744721563.40609,-91987614907.98457
-116208816447.17924,-122171657897.80872
212721126908.11176,76311661149.90027
135753494040.18283,766435878092.3428
-69275001781.06355,-124223207593.69655
-81737454.22457471,118626797.95001063
61238917073.622345,-90336668820.07098
-114655139330.86923,-124074576997.56807
212002751812.19864,78284358861.8602
134642045226.6029,766630997986.4642
-66965193074.20505,-125503793119.44734
-83117256.91596739,119307581.07657759
63686535920.511826,-88617043077.99518
-113077803164.59758,-125951988793.81714
211266175024.54175,80250348412.91281
133530313119.50194,766824506172.763
-64632392526.45263,-126741192133.10884
-84503215.68969616,119976396.35619569
66085708680.46502,-86830028974.19965
-111477270371.80888,-127803655703.37308
210511459535.91745,82209461086.85435
132418300052.92867,767016402236.8403
-62277412076.08469,-127934997776.03806
-85895091.7595371,120633134.78126374
68434600464.1652,-84976967596.50134
-109854003277.98952,-129629348864.23064
209738669916.06586,84161528763.08241
131306008361.53937,767206685767.6885
-59901070638.22996,-129084818624.83868
-87292644.52048236,121277691.92989704
70731412183.99742,-83059248975.33336
-108208463961.63353,-131428848017.76208
208947872307.98572,86106383931.64275
130193440380.59343,767395356357.6909
-57504193805.41345,-130190278802.15945
-88695631.63818625,121909967.99334735
72974381804.43513,-81078311201.93842
-106541114110.49239,-133201941389.6985
208139134422.08115,88043859708.2202
129080598445.94894,767582413602.6239
-55087613546.70901,-131251018081.48152
-90103809.1387146,122529867.80163099
75161785574.91893,-79035639517.61244
-104852414883.0335,-134948425570.06076
207312525530.16046,89973789849.07213
127967484894.05829,767767857101.6575
-52652167905.62539,-132266691985.8938
-91516931.49856053,123137300.84736657
77291939244.7252,-76932765374.09378
-103142826775.02887,-136668105392.20251
206468116459.28772,91896008765.90273
126854102061.96367,767951686457.3566
-50198700696.85199,-133236971880.8581
-92934751.73488978,123732181.3078242
79363199259.30542,-74771265465.19197
-101412809491.19243,-138360793811.12082
205605979585.4878,93810351540.67685
125740452287.29268,768133901275.6818
-47728061201.989075,-134161545060.96852
-94357021.49597901,124314428.06518884
81373963937.5581,-72552760729.74997
-99662821821.78099,-140026311781.18414
204726188827.30536,95716653940.37164
124626537908.25388,768314501165.9907
-45241103864.386505,-135040114830.71265
-95783491.15181135,124883964.72504172
83322674629.47687,-70278915326.03523
-97893321524.07196,-141664488133.42126
203828819639.21857,97614752431.66457
123512361263.63235,768493485741.039
-42738687983.21379,-135872400579.24425
-97213909.88479263,125440719.63306355
85207816853.5981,-67951435577.65786
-96104765208.62802,-143275159452.5083
202913949004.9079,99504484195.55624
122397924692.78528,768670854616.9806
-40221677406.88298,-136658137849.18037
-98648025.78055336,125984625.88996498
87027921413.6518,-65572068891.118385
-94297608230.25728,-144858169953.5853
201981655430.38113,101385687141.92665
121283230535.63744,768846607413.3696
-37690940225.944824,-137397078399.43791
-100085585.91880082,126515621.36464968
88781565493.79819,-63142602645.09421
-92472304583.57552,-146413371359.02792
201032018936.95493,103258199924.02309
120168281132.67676,769020743753.1608
-35147348465.57723,-138088990262.12732
-101526336.46418649,127033648.70561665
90467373731.8117,-60664863051.58114
-90629306803.07552,-147940622775.29376
200065121054.0937,105121861952.87851
119053078824.94992,769193263262.7102
-32591777777.783665,-138733657793.52362
-102970022.75715426,127538655.3506087
92084019269.55263,-58140713989.01626
-88769065867.60735,-149439790569.95718
199081044812.1067,106976513411.65865
117937625954.05782,769364165571.7765
-30025107133.417828,-139330881719.1373
-104416389.40473522,128030593.53451493
93630224780.04462,-55572055807.519356
-86892031109.17232,-150910748249.04123
198079874734.70374,108821995269.93654
116821924862.15112,769533450313.5216
-27448218514.14945,-139880479172.9096
-105865180.37125528,128509420.2955356
95104763470.45506,-52960824106.403435
-84998650125.93248,-152353376334.74908
197061696831.41074,110658149297.8929
115705977891.92584,769701117124.5116
-24861996604.484497,-140382283730.55975
-107316139.06892206,128975097.47961831
96506460060.25288,-50308988484.11961
-83089368699.33691,-153767562243.6929
196026598589.84546,112484818080.44096
114589787386.6188,769867165644.7172
-22267328483.95164,-140836145437.1128
-108769008.44825819,129427591.7431755
97834191733.79695,-47618551260.81843
-81164630715.26564,-155153200165.71204
194974668967.85443,114301845031.27422
113473355690.00317,770031595517.515
-19665103319.565155,-141241930828.63974
-110223531.08834831,129866874.55409312
99086889066.58647,-44891546173.72828
-79224878089.09172,-156510190943.36786
193905998385.51178,116109074406.83575
112356685146.38399,770194406389.6879
-17056212058.672935,-141599522948.24338
-111679449.28686757,130292922.1910417
100263536924.38351,-42130037045.57227
-77270550694.56198,-157838441952.19745
192820678716.98105,117906351320.20767
111239778100.59367,770355597911.4259
-14441547122.296535,-141908821356.32486
-113136505.14985989,130705715.74110112
101363175334.39679,-39336116426.2672
-75302086296.39706,-159137866981.80322
191718803282.24033,119693521754.91914
110122636897.98753,770515169736.327
-11822002099.068562,-142169742135.16864
-114594440.68123463,131105241.09571122
102384900327.69545,-36511904208.17275
-73319920486.5115,-160408386117.85144
190600466838.67212,121470432578.67175
109005263884.43927,770673121521.3977
-9198471439.871006,-142382217887.8845
-116052997.87195083,131491488.94496079
103327864752.00174,-33659546215.185577
-71324486623.75517,-161649925625.04745
189465765572.51843,123236931556.98074
107887661406.33644,770829452927.0535
-6571850153.276363,-142546197731.74783
-117511918.7888585,131864454.77022804
104191279053.99237,-30781212766.00085
-69316215777.07777,-162862417831.1515
188314797090.20212,124992867366.73065
106769831810.576,770984163617.1198
-3943033501.8916717,-142661647285.98074
-118970945.663167,132224138.83518644
104974412030.22005,-27879097211.894566
-67295536672.018814,-164045801012.09418
187147660409.51544,126738089609.64412
105651777444.55975,771137253258.8324
-1312916699.7037873,-142728548654.01782
-120429820.97851105,132570546.17518975
105676591545.74963,-24955414449.41169
-65262875640.42636,-165200019278.24734
185964455950.6766,128472448825.66237
104533500656.18985,771288721522.8384
1317605389.4775453,-142746900400.3029
-121888287.55858533,132903686.58505133
106297205219.58691,-22012399408.37956
-63218656573.30849,-166325022461.90112
184765285527.25534,130195796506.2361
103415003793.86427,771438568083.196
3947638552.3840923,-142716717521.66345
-123346088.65431905,133223574.60523263
106835701075.96329,-19052305515.701855
-61163300876.72263,-167420766005.99493
183550252336.9684,131907985107.5254
102296289206.47229,771586792617.3761
6576289525.368075,-142638031413.312
-124802968.03056242,133530229.50645657
107291588160.52586,-16077403135.426285
-59097227430.608955,-168487210854.14603
182319460952.3462,133608868063.50739
101177359243.38991,771733394806.2618
9202666292.104574,-142510889829.52405
-126258670.05225755,133823675.272762
107664437120.47073,-13089977985.618866
-57020852550.475,-169524323342.01556
181073017311.27097,135298299798.99013
100058216254.47539,771878374334.1497
11825878379.828135,-142335356839.04425
-127712939.77006666,134103940.58301567
107953880747.64618,-10092329532.619066
-54934589951.840256,-170532075090.04938
179811028707.3882,136976135742.53186
98938862590.06467,772021730888.7498
14445037154.016174,-142111512775.2733
-129165523.00543083,134371058.79089877
108159614483.64432,-7086769363.293293
-52838850717.35048,-171510442897.62637
178533603780.39197,138642232339.2638
97819300600.9668,772163464161.1863
17059256111.433641,-141839454181.28928
-130616166.43503357,134625067.9033854
108281396885.89255,-4075619535.949034
-50734043266.47299,-172459408638.64508
177240852506.1849,140296447063.61557
96699532638.45941,772303573845.9982
19667651171.455196,-141519293749.75876
-132064617.67464335,134866010.55773085
108319050053.75131,-1061210910.6184168
-48620573327.685646,-173378959158.57568
175932886186.91467,141938638431.9419
95579561054.28416,772442059641.139
22269340965.583096,-141151160257.79282
-133510625.36231025,135093933.9969877
108272460013.62195,1954118540.5321112
-46498843913.07362,-174269086173.00165
174609817440.88718,143568666015.0493
94459388200.64218,772578921247.978
24863447125.080746,-140735198496.8058
-134953939.24089202,135308890.04406855
108141577062.06802,4968025441.859846
-44369255295.24971,-175129786167.6728
173271760192.3581,145186390450.6215
93339016430.18944,772714158371.3
27449094566.643784,-140271569197.43393
-136394310.2398858,135510935.07437405
107926416065.95515,7978162741.114786
-42232204986.515305,-175961060300.0884
171918829661.20364,146791673455.54257
92218448096.03226,772847770719.306
30025411776.032368,-139760448949.57318
-137831490.55654192,135700129.98700583
107627056718.61896,10982181453.610626
-40088087720.18098,-176762914302.62735
170551142352.4718,148384377838.1163
91097685551.72267,772979758003.6133
32591531089.590168,-139202030117.59515
-139265233.73623657,135876540.17458358
107243643751.07755,13977732422.735832
-37937295433.96704,-177535358387.2386
169168816045.81497,149964367510.1807
89976731151.25386,773110119939.256
35146588973.57742,-138596520750.80206
-140695294.75208166,136040235.4916866
106776387097.31479,16962468095.788704
-35780217255.4062,-178278407151.70428
167771969784.8054,151531507499.1166
88855587249.05556,773238856244.6853
37689726301.24718,-137944144489.1811
-142121430.08374918,136191290.22193974
106225562012.67316,19934044314.065327
-33617239489.172028,-178992079487.485
166360723866.13437,153085663959.7491
87734256199.98947,773365966641.7698
40220088627.59566,-137245140464.52019
-143543397.79548928,136329783.04376438
105591509144.41028,22890122116.073563
-31448745606.25877,-179676398489.1542
164935199828.69662,154626704186.14062
86612740359.34464,773491450855.7953
42736826461.71948,-136499763196.94731
-144960957.6133213,136455796.9948156
104874634553.49213,25828369552.689854
-29275116234.939445,-180331391365.42816
163495520442.56073,156154496623.2744
85491042082.83286,773615308615.4658
45239095536.71425,-135708282486.95583
-146373871.0013771,136569419.43512598
104075409686.71712,28746463513.018883
-27096729153.431164,-180957089351.79434
162041809697.82724,157668910878.6278
84369163726.58406,773737539652.9031
47726057077.05067,-134870983302.97932
-147781901.23737758,136670742.00897816
103194371298.2906,31642091559.658955
-24913959284.19807,-181553527624.74075
160574192793.37527,159169817733.6334
83247107647.1417,773858143703.647
50196878063.36626,-133988165664.57948
-149184813.48722285,136759860.6055271
102232121319.99725,34512953772.01886
-22727178689.824158,-182120745217.58636
159092796125.49936,160657089155.02768
82124876201.4581,773977120506.656
52650731494.61224,-133060144521.3109
-150582374.87867764,136836875.31819433
101189326679.15044,37356764596.27483
-20536756570.389732,-182658784937.91122
157597747276.4373,162130598306.08572
81002471746.8899,774094469804.307
55086796647.49706,-132087249627.32735
-151974354.57413405,136901890.40285593
100066719063.53278,40171254700.49936
-18343059262.287136,-183167693286.5839
156089175002.79065,163590219557.74078
79879896641.19328,774210191342.3955
57504259333.16943,-131069825411.79408
-153360523.84243396,136955014.2348468
98865094632.58044,42954172833.43715
-16146450238.412916,-183647520378.38174
154567209223.83914,165035828499.588
78757153242.5195,774324284870.1359
59902312151.08571,-130008230845.17099
-154740656.12973434,136996359.26480338
97585313674.10593,45703287685.347916
-13947290109.675287,-184098319864.19907
153031981009.75012,166467301950.77087
77634243909.4101,774436750140.1613
62280154740.007774,-128902839301.43178
-156114527.12939918,137026041.9733677
96228300205.89949,48416389749.28063
-11745936627.75742,-184520148854.83612
151483622569.68463,167884517970.74948
76511171000.79231,774547586908.5238
64636994026.079346,-127754038416.28433
-157481914.85090214,137044182.8247752
94795041521.59872,51091293181.09011
-9542744689.07868,-184913067846.36172
149922267239.80133,169287355869.94943
75387936875.97441,774656794934.6946
66972044467.9301,-126562229941.45775
-158842599.68772486,137050906.21934974
93286587680.2685,53725837656.45433
-7338066339.897559,-185277140647.04028
148348049471.15955,170675696220.29056
74264543894.64105,774764373981.5638
69284528298.7586,-125327829595.12143
-160196364.4842361,137046340.44492853
91704050939.1896,56317890223.09978
-5132250782.501629,-185612434305.81375
146761104817.5231,172049420865.59406
73140994416.84856,774870323815.4407
71573675765.3465,-124051266908.5017
-161542994.6015377,137030617.62724003
90048605129.41486,58865347146.39299
-2925644382.4314117,-185919019042.32782
145161569923.06595,173408412931.86707
72017290803.02028,774974644206.0535
73838725363.95786,-122732985068.76154
-162882277.98226413,137003873.6792588
88321484973.7142,61366135746.40898
-718590676.6866169,-186196968178.49063
143549582509.98117,174752556837.46375
70893435413.94193,775077334926.5497
76078924073.0791,-121373440758.20897
-164214005.21432203,136966248.24955982
86523985346.59781,63818216224.54235
1488569617.1353102,-186446358071.55203
141925281365.99475,176081738303.12173
69769430610.75687,775178395753.4956
78293527582.95633,-119973103989.89944
-165537969.59355807,136917884.66969648
84657460476.17615,66219583477.68413
3695498590.816865,-186667268048.69012
140288806331.78543,177395844361.8726
68645278754.96141,775277826466.8766
80481800521.88812,-118532457939.69765
-166853967.18534273,136858929.90062532
82723323087.6899,68568268897.94749
5901861134.661462,-186859780343.09143
138640298288.31198,178694763368.82562
67520982208.400154,775375626850.0969
82643016679.23346,-117051998774.86404
-168161796.88505903,136789534.4782014
80723043488.61926,70862342155.8884
8107324925.843355,-187023980031.51068
136979899144.04927,179978385010.82367
66396543333.26125,775471796689.9797
84776459225.09544,-115532235479.23132
-169461260.47748554,136709852.4577678
78658148595.36256,73099912965.13333
10311560416.01072,-187159954973.2949
135307751822.13452,181246600315.9699
65271964492.07172,775566335776.7668
86881420926.64314,-113973689675.0355
-170752162.6950631,136620041.35786295
76530220901.55667,75279132826.29572
12514240818.184727,-187267795750.85693
133624000247.42503,182499301663.02454
64147248047.692696,775659243904.1188
88957204361.03476,-112376895441.46686
-172034311.27503633,136520262.10306922
74340897388.19815,77398196748.03572
14715042092.996107,-187347595611.58246
131928789333.46864,183736382790.67035
63022396363.31477,775750520869.1144
91003122124.9068,-110742399130.00491
-173307517.01546007,136410678.96602696
72091868375.81226,79455344943.09497
16913642934.299326,-187399450411.154
130222264969.38835,184957738806.6462
61897411802.453224,775840166472.251
93018497040.39502,-109070759176.60214
-174571593.83006302,136291459.50863707
69784876319.00824,81448864497.11858
19109724754.203255,-187423458558.27588
128504574006.68224,186163266196.74716
60772296728.943275,775928180517.4438
95002662357.65399,-107362545910.7803
-175826358.80195993,136162774.5224759
67421714543.85291,83377091008.06207
21302971667.5559,-187419720960.7829
126775864245.94005,187352862833.69064
59647053506.935394,776014562812.0264
96954961953.84348,-105618341361.7035
-177071632.2362056,136024797.96844605
65004225928.58988,85238410193.97026
23493070475.919563,-187388340973.11557
125036284423.47762,188526427985.84738
58521684500.890526,776099313166.7496
98874750528.55055,-103838739061.29135
-178307237.71118316,135877706.91568664
62534301528.32945,87031259466.9094
25679710651.071533,-187329424345.1448
123285984197.89046,189683862325.83643
57396192075.57535,776182431395.7823
100761393795.61786,-102024343844.43571
-179533002.12882066,135721681.47976604
60013879144.433426,88754129470.83278
27862584318.064312,-187243079172.32794
121525114136.52773,190825067938.9834
56270578596.05752,776263917316.7104
102614268671.34892,-100175771646.38408
-180748755.76363006,135556904.76018086
57444941839.41941,90405565581.16403
30041386237.878162,-187129415847.17874
119753825701.88776,191949948331.64102
55144846427.7009,776343770750.537
104432763459.06296,-98293649297.35205
-181954332.3105633,135383562.77718398
54829516398.31119,91984169363.89108
32215813789.697693,-186988547012.03323
117972271237.9365,193058408439.37128
54018997936.1608,776421991521.6816
106216278029.97215,-96378614314.42758
-183149568.9316805,135201844.40796486
52169671737.46413,93488599991.97827
34385566952.84307,-186820587513.09335
116180603956.35005,194150354634.98865
52893035487.379196,776498579457.9807
107964224000.3554,-94431314690.82896
-184334306.30162624,135011941.32220495
49467517261.997795,94917575616.9237
36550348288.38542,-186625654355.73026
114378977922.68277,195225694736.46362
51766961447.579956,776573534390.6868
109676024905.0035,-92452408682.57817
-185508388.65190983,134814047.91703102
46725201173.071396,96269874693.3137
38709862920.474945,-186403866661.02908
112567548042.4619,196284338014.68597
50640778183.26404,776646856154.468
111351116366.9116,-90442564592.65112
-186671663.8139865,134608361.2513889
43944908726.34101,97544337254.257
40863818517.40927,-186155345623.55695
110746470047.21048,197326195201.08728
49514488061.204704,776718544587.4083
112988946263.19543,-88402460552.66583
-187823983.26113647,134395080.97986
41128860443.04056,98739866135.61761
43011925272.46862,-185880214470.3358
108915900480.39972,198351178495.1222
48388093448.44271,776788599531.0067
114588974887.20851,-86332784302.16914
-188965202.14913946,134174409.28594296
38279310275.23078,99855428147.00674
45153895884.54334,-185578598421.0022
107075996683.33217,199359201571.6081
47261596712.28149,776857020830.177
116150675106.83888,-84234232965.58247
-190095179.355743,133946550.81482214
35398543726.8617,100890055187.54202
47289445538.578606,-185250624649.13544
105226916780.95741,200350179587.9227
46135000220.28234,776923808333.2474
117673532518.96378,-82107512826.86656
-191213777.51892266,133711712.60564496
32488875932.394005,101842845304.43506
49418291885.85999,-184896422244.736
103368819667.62155,201324029191.05908
45008306340.2596,776988961891.9604
119157045600.04199,-79953339101.96483
-192320863.07393336,133470104.02332936
29552649694.822792,102712963692.52737
51540155024.16301,-184516122177.83627
101501864992.75215,202280668524.5381
43881517440.27578,777052481361.4718
120600725852.82416,-77772435709.08482
-193416306.28915107,133221936.6899228
26592233485.043346,103499643632.95892
53654757477.78862,-184109857263.2256
99626213146.48016,203220017235.1775
42754635888.63677,777114366600.3506
122004097949.16167,-75565535036.8767
-194499981.30070454,132967424.41553366
23610019404.592075,104202187369.2234
55761824177.506165,-183677762126.27133
97742025245.20049,204141996479.71768
41627664053.88694,777174617470.5785
123366699868.89577,-73333377710.56729
-195571766.14589727,132706783.12885585
20608421113.88676,104819966918.93962
57861082440.424164,-183219973169.81882
95849463117.07277,205046528931.30362
40500604304.80428,777233233837.5497
124688083034.80882,-71076712356.1084
-196631542.7954202,132440230.80730696
17589871728.177883,105352424819.74911
59952261949.808914,-182736628542.1517
93948689287.46414,205933538785.82254
39373459010.395546,777290215570.07
125967812443.62035,-68796295362.39697
-197679197.184356,132167987.40680009
14556821683.507154,105799074807.83553
62035094734.869835,-182227868105.99588
92039866964.33546,206802951768.09726
38246230539.89136,777345562540.3564
127205466793.0109,-66492890641.625275
-198714619.24197602,131890274.79116932
11511736575.049839,106159502427.6524
64109315150.53008,-181693833408.5491
90123160023.57295,207654695137.9346
37118921262.741295,777399274624.0371
128400638604.6574,-64167269387.81821
-199737702.9203316,131607316.66126801
8457094970.293831,106433365571.5413
66174659857.200066,-181134667652.51935
88198732994.2667,208488697696.0287
35991533548.60902,777451351700.1501
129552934343.26413,-61820209833.61507
-200748346.22164136,131319338.4837595
5395386199.580397,106620394948.02246
68230867800.5709,-180550515668.15475
86266751043.93784,209304889789.71863
34864069767.3673,777501793651.1434
130661974531.57372,-59452497005.35254
-201746451.22447675,131026567.41961867
2329108126.598684,106720394477.64464
70277680191.44435,-179941523886.24817
84327379963.7162,210103203318.6004
33736532289.09315,777550600362.8741
131727393861.34319,-57064922476.50561
-202731924.1087481,130729232.25236323
-739235098.5116897,106733241615.38953
72314840485.61499,-179307840312.09973
82380786153.4699,210883571739.99234
32608923484.062817,777597771724.608
132748841300.2706,-54658284119.54268
-203704675.17949378,130427563.3160326
-3807135300.7388067,106658887598.73848
74342094363.81985,-178649614500.42096
80427136606.88864,211645930074.25412
31481245722.74686,777643307629.0189
133725980194.85776,-52233385856.25106
-204664618.8894754,130121792.42293242
-6872082553.69486,106497357620.62521
76359189711.77032,-177966997531.1639
78466598896.5226,212390214909.9586
30353501375.80517,777687207972.188
134658488369.19539,-49791037406.58876
-205611673.86058208,129812152.79116204
-9931567462.222778,106248750926.61763
78365876600.28038,-177260141986.25955
76499341158.77817,213116364408.9163
29225692814.081963,777729472653.6035
135546058219.65715,-47332054036.118225
-206545762.90404698,129498878.97194225
-12983083451.265488,105913240835.79375
80361907265.50484,-176529201927.24905
74525532078.87259,213824318311.05225
28097822408.600815,777770101576.1599
136388396805.48929,-44857256302.07759
-207466813.03947952,129182206.77675977
-16024129058.116978,105491074684.9015
82347036089.30074,-175774332873.79276
72545340875.74884,214514017939.13464
26969892530.55961,777809094646.1573
137185225935.28317,-42367469798.144806
-208374755.51271695,128862373.20434533
-19052210225.14735,104982573695.51906
84321019579.7246,-174995691783.04102
70558937286.9526,215185406203.35504
25841905551.325516,777846451773.3009
137936282249.31805,-39863524897.949776
-209269525.81249884,128539616.36750087
-22064842590.07372,104388132764.06078
86283616351.6777,-174193437029.8518
68566491553.47281,215838427605.75992
24713863842.429947,777882172870.7002
138641317297.7619,-37346256497.38966
-210151063.68596834,128214175.41979213
-25059553770.835033,103708220174.60419
88234587107.71126,-173367728387.83997
66568174404.54733,216473028244.533
23585769775.563477,777916257854.8687
139300097614.71805,-34816503755.80226
-211019313.1530041,127886290.48212159
-28033885642.122025,102943377234.64435
90173694619.0027,-172518727011.24347
64564157042.43562,217089155818.12836
22457625722.570766,777948706645.7229
139912404788.1063,-32275109836.05232
-211874222.51938692,127556202.56919692
-30985396600.61329,102094217834.01358
92100703706.51427,-171646595417.59183
62554611127.15967,217686759629.25372
21329434055.44546,777979519166.5819
140478035525.36673,-29722921643.58558
-212715744.38880494,127224153.51590984
-33911663815.975346,101161427927.33672
94015381222.34428,-170751497471.1626
60539708761.21496,218265790588.70404
20201197146.32506,778008695344.1665
140996801714.97495,-27160789564.505356
-213543835.67370167,126890385.90363926
-36810285464.69817,100145764940.52342
95917496031.28146,-169833598367.21158
58519622474.253006,218826201219.04474
19072917367.485794,778036235108.5988
141468530483.758,-24589567202.72627
-214358457.60497063,126555142.98649338
-39678882943.858284,99048057101.9305
97806818992.57216,-168893064616.963
56494525207.73702,219367945658.14465
17944597091.33744,778062138393.4012
141893064249.9998,-22010111116.259895
-215159575.74050096,126218668.61750387
-42515103061.928894,97869202698.95692
99683122941.90996,-167930064033.3459
54464590299.572266,219890979662.5585
16816238690.41817,778086405135.4966
142270260772.3258,-19423280552.68705
-215947159.97257778,125881207.17478596
-45316620203.79094,96610169260.96329
101546182673.65704,-166944765717.46323
52429991468.71267,220395260610.7585
15687844537.389338,778109035275.2064
142599993194.35663,-16829937183.87144
-216721184.53414148,125543003.48767741
-48081138467.1397,95271992669.53366
103395774923.30617,-165937340045.78067
50390902799.74529,220880747506.2152
14559417005.030256,778130028756.2511
142882150085.11987,-14230944839.969515
-217481628.0039097,125204302.7628692
-50806393767.52928,93855776197.22292
105231678350.19186,-164907958658.0218
48347498727.454124,221347400980.3271
13430958466.232967,778149385525.7488
143116635475.21097,-11627169242.791395
-218228473.3103661,124865350.51054057
-53490155909.35124,92362689476.054
107053673520.45946,-163856794445.75708
46299954021.364845,221795183295.1993
12302471293.996973,778167105534.2151
143303368888.69284,-9019477738.567915
-218961707.73461923,124526392.4705108
-56130230620.10397,90793967397.1487
108861542890.29977,-162784021541.6742
44248443770.27206,222224058346.27106
11173957861.423958,778183188735.562
143442285370.72482,-6408739030.178856
-219681322.9121359,124187674.53841951
-58724461545.375656,89150908942.99106
110655070789.45773,-161689815309.51697
42193143366.75056,222633991664.79166
10045420541.712477,778197635087.0977
143533335510.91183,-3795822908.8976927
-220387314.83335173,123849442.69194789
-61270732202.035995,87434875953.93398
112434043405.0222,-160574352334.68127
40134228491.6522,223024950420.1454
8916861708.152634,778210444549.5256
143576485462.36432,-1181599985.7082758
-221079683.84316298,123511942.91709192
-63766967887.209694,85647291830.66742
114198248765.50485,-159437810415.45557
38071875098.58987,223396903422.02478
7788283734.1207285,778221617086.9441
143571716956.4602,1433058577.750886
-221758434.63930255,123175421.1344995
-66211137540.68777,83789640174.46994
115947476725.21515,-158280368554.89465
36006259398.410164,223749821122.4528
6659688993.073887,778231152666.8453
143519027313.3001,4047281338.558886
-222423576.26960352,122840123.12588258
-68601255558.52124,81863463367.16345
117681518948.93852,-157102206953.31506
33937557843.65632,224083675617.65338
5531079858.544662,778239051260.1154
143418429447.84747,6660196842.145103
-223075122.12815285,122506294.46051542
-70935383555.63452,79870361092.78508
119400168896.92476,-155903507001.40067
31865947113.02286,224398440649.77097
4402458704.13562,778245312841.033
143269951871.74512,9270933892.125944
-223713089.9503384,122174180.42183015
-73211632075.39357,77811988803.07802
121103221810.19327,-154684451273.9076
29791604095.80363,224694091608.4385
3273827903.513892,778249937387.2694
143073638690.80035,11878621820.28897
-224337501.80679166,121844025.93412031
-75428162244.16519,75690056128.98605
122790474696.16188,-153445223523.95746
27714705876.334637,224970605532.1944
2145189830.4057126,778252924879.8877
142829549598.1309,14482390756.667448
-224948384.09622857,121516075.4893634
-77583187369.00943,73506325240.41382
124461726314.60555,-152186008677.90833
25635429718.43333,225227961109.7483
1016546858.590929,778254275303.3423
142537759862.96396,17081371899.648003
-225545767.5371908,121190573.07417299
-79674974476.75568,71262609156.58572
126116777163.9514,-150906992830.7926
23553953049.835835,225466138681.09592
-112098638.10251164,778253988645.4784
142198360315.08145,19674697786.053738
-226129687.1586895,120867762.0968912
-81701845792.8248,68960770009.40186
127755429467.91635,-149608363242.3119
21470453446.633633,225685120238.48297
-1240744285.8040993,778252064897.5314
141811457324.90408,22261502561.14477
-226700182.2897533,120547885.31483206
-83662180158.27415,66602717262.248276
129377487162.49327,-148290308333.37845
19385108617.7113,225884889427.21844
-2369387710.606323,778248504054.1266
141377172779.20798,24840922248.477757
-227257296.54788208,120231184.76168665
-85554414383.65898,64190405886.77146
130982755883.29182,-146953017683.1933
17298096389.18678,226065431546.3372
-3498026538.570254,778243306113.2786
140895644052.4672,27412095019.56556
-227801077.82640854,119917901.67510028
-87377044538.42221,61725834500.1733
132571042953.23994,-145596682026.85126
15209594688.855732,226226733549.11224
-4626658395.731156,778236471076.391
140367023973.81635,29974161463.277786
-228331578.28076783,119608276.42443278
-89128627174.64478,59211043465.62272
134142157370.6517,-144221493253.46307
13119781530.641514,226368784043.4169
-5755280908.104119,778227998948.256
139791480789.62756,32526264854.922462
-228848854.31367734,119302548.43871242
-90807780484.1097,56648112958.41353
135695909797.66743,-142827644404.78558
11028834999.05227,226491573291.9369
-6883891701.689713,778217889737.0538
139169198121.6965,35067551424.9486
-229352966.5592269,119000956.13479432
-92413185387.755,54039161000.52493
137232112549.0718,-141415329674.35007
8936933233.646706,226595093212.2327
-8012488402.479667,778206143454.3528
138500374921.03238,37597170627.20901
-229843979.86588016,118703736.84573433
-93943586556.71266,51386341466.26158
138750579581.49545,-139984744407.07996
6844254413.510004,226679337376.65247
-9141068636.462578,778192760115.1085
137785225417.24786,40114275406.72207
-230321963.27838796,118411126.74938922
-95397793364.25291,48691842061.66421
140251126483.0061,-138536085099.3889
4750976741.741453,226744301012.09573
-10269630029.629633,778177739737.6641
137023979063.54434,42618022466.87082
-230786990.0186137,118123360.79725465
-96774680768.07492,45957882280.38953
141733570463.09442,-137069549399.75005
2657278429.9552546,226789980999.62802
-11398170207.98036,778161082343.7495
136216880477.28925,45107572535.97698
-231239137.46527106,117840672.64355193
-98073190122.50546,43186711338.759445
143197730343.06033,-135585336109.72812
563337682.7960312,226816375873.947
-12526686797.5284,778142787958.4818
135364189376.18219,47582090633.18714
-231678487.1325742,117563294.57457525
-99292329920.2873,40380606092.675156
144643426546.80554,-134083645185.46529
-1530667317.5294595,226823485822.70007
-13655177424.3073,778122856610.3645
134466180510.00739,50040746333.60769
-232105124.6478003,117291457.438311
-100431176463.75671,37541868939.08081
146070481092.03748,-132564677739.61276
-3624558426.7029257,226811312685.6542
-14783639714.376333,778101288331.2878
133523143587.97012,52482714032.62449
-232519139.72776395,117025390.5743411
-101488874465.32631,34672825704.64501
147478717581.89056,-131028636043.69937
-5718157553.725955,226779859953.71783
-15912071293.82633,778078083156.5286
132535383201.61592,54907173209.3427
-232920626.15420365,116765321.74404252
-102464637577.3032,31775823524.306267
148867961196.97025,-129475723530.92905
-7811286676.33076,226729132767.81558
-17040469788.785542,778053241124.7498
131503218743.33139,57313308689.08154
-233309681.74807945,116511477.06109515
-103357748851.18466,28853228712.30069
150238038687.82523,-127906144799.39902
-9903767856.36878,226659137917.61597
-18168832825.425518,778026762278.0011
130426984320.4265,59700310904.85828
-233686408.34278148,116264080.922311
-104167561126.68193,25907424628.25754
151588778367.8537,-126320105615.73058
-11995423255.17566,226569883840.1126
-19297158029.967,777998646661.7189
129307028664.79858,62067376157.7948
-234050911.7562489,116023355.93879728
-104893497350.82953,22940809540.910065
152920010106.64926,-124717812919.1045
-14086075148.911137,226461380618.05923
-20425443028.685837,777968894324.726
128143715038.17917,64413706876.379944
-234403301.76199844,115789522.86746685
-105535050827.63945,19955794491.92643
154231565323.7919,-123099474825.69331
-16175545943.872398,226333639978.25888
-21553685447.918922,777937505319.232
126937421132.96535,66738511874.51964
-234743692.05906212,115562800.5429093
-106091785398.85954,16954801162.318264
155523276983.09006,-121465300633.48232
-18263658191.779415,226186675289.7079
-22681882914.070145,777904479700.8341
125688538968.63818,69041006608.30666
-235072200.2408332,115343405.80963658
-106563335556.49065,13940259743.832726
156794979587.27927,-119815500827.47197
-20350234605.030823,226020501561.59497
-23810033053.616352,777869817528.5161
124397474783.77159,71320413431.44089
-235388947.76282015,115131553.45471741
-106949406487.80891,10914606817.678423
158046509173.18347,-118150287085.25374
-22435098071.928936,225835135441.15585
-24938133493.113323,777833518864.6498
123064648923.63556,73575961849.23048
-235694059.90930778,114927456.14081468
-107249774053.72748,7880283242.876272
159277703307.34467,-116469872282.9518
-24518071671.872395,225630595211.38397
-26066181859.20178,777795583774.995
121690495723.39893,75806888771.10352
-235987665.75892484,114731324.33964087
-107464284701.41502,4839732056.463552
160488401082.12677,-114774470501.5231
-26598978690.515095,225406900788.5977
-27194175778.61337,777756012328.7
120275463386.93748,78012438761.55923
-236269898.14911798,114543366.26584654
-107592855312.16815,1795396387.7135892
161678443112.29993,-113064297033.40823
-28677642634.889908,225164073719.86462
-28322112878.1767,777714804598.3019
118820013861.25414,80191864289.48723
-236540893.63953143,114363787.81135744
-107635472985.60916,-1250282611.5353174
162847671532.1112,-111339568389.52556
-30753887248.495823,224902137180.28342
-29449990784.823357,777671960659.7277
117324622706.51903,82344425975.78223
-236800792.47429222,114192792.48017606
-107592194761.35106,-4294867818.419396
163995929992.84778,-109600502306.60126
-32827536526.3471,224621115970.12375
-30577807125.593925,777627480592.2942
115789778961.73836,84469392839.18164
-237049738.54320073,114030581.3236639
-107463147279.33728,-7335928170.508623
165123063660.899,-107847317754.82767
-34898414729.98301,224321036511.82474
-31705559527.644043,777581364478.7092
114215985006.06158,86566042540.25215
-237287879.34182674,113877352.87632102
-107248526380.12483,-10371040675.312517
166228919216.32358,-106080234945.84264
-36966346402.4368,224001926846.8527
-32833245618.25043,777533612405.0721
112603756415.73817,88633661623.4513
-237515365.9305111,113733303.09207986
-106948596646.43561,-13397792396.036615
167313344851.92844,-104299475341.02238
-39031156383.16248,223663816632.41843
-33960863024.81694,777484224460.8749
110953621816.73566,90671545757.18901
-237732352.89227337,113598625.28113069
-106563690887.35265,-16413782411.872396
168376190272.86548,-102505261660.08049
-41092669822.9181,223306737138.05505
-35088409374.8806,777433200739.0024
109266122733.03241,92678999971.81395
-237938998.28962636,113473510.04729627
-106094209566.5849,-19416623751.183193
169417306696.75336,-100697817889.96548
-43150712198.604034,222930721242.0565
-36215882296.11764,777380541335.7343
107541813430.59937,94655338895.4482
-238135463.62029815,113358145.22597404
-105540620176.2666,-22403945296.029213
170436546854.33054,-98877369294.04964
-45205109328.0551,222535803427.7775
-37343279416.34954,777326246350.745
105781260757.08647,96599886987.59393
-238321913.7718629,113252715.8226639
-104903456557.79507,-25373393656.55601
171433764990.6469,-97044142421.60143
-47255687384.78497,222122019779.79587
-38470598363.54906,777270315887.1056
103985043977.2307,98511978770.43481
-238498516.975282,113157403.9521008
-104183318171.2439,-28322635013.85214
172408816866.80057,-95198365117.53413
-49302272912.6817,221689407979.9373
-39597836765.84624,777212750051.2847
102153754604.00388,100390959057.7542
-238665444.7573573,113072388.77801087
-103380869314.91733,-31249356929.963303
173361559762.2272,-93340266532.42307
-51344692840.65289,221238007303.16348
-40724992251.534424,777153548953.1494
100287996225.52008,102236183181.39195
-238822871.89209837,112997846.45351093
-102496838296.63603,-34151270123.83166
174291852477.54898,-91470077132.78357
-53382774497.21929,220767858613.32434
-41852062449.07625,777092712705.9673
98388384327.72337,104047017215.16096
-238970976.35100675,112933950.06217094
-101532016558.36432,-37026110212.00972
175199555337.9906,-89588028711.60239
-55416345625.05544,220279004358.77484
-42979044987.109604,777030241426.4069
96455546112.87866,105822838196.14404
-239109939.25227967,112880869.55975978
-100487257755.80476,-39871639413.078606
176084530197.3698,-87694354399.11438
-57445234395.476105,219771488567.85696
-44105937494.4536,776966135234.5396
94490120313.88937,107563034343.29141
-239239944.80893663,112838771.71669461
-99363476794.59811,-42685648214.779816
176946640442.66992,-85789288673.81682
-59469269422.86715,219245356844.2479
-45232737600.11449,776900394253.8413
92492757004.46758,109267005273.23845
-239361180.27587265,112807820.06121482
-98161648824.77399,-45465957002.94779
177785750999.20236,-83873067373.71326
-61488279779.05962,218700656362.17465
-46359442933.291565,776833018611.1936
90464117405.18361,110934162213.26317
-239473835.8958424,112788174.82330155
-96882808195.10188,-48210417651.40777
178601728336.3669,-81945927707.77892
-63502095007.64576,218137435861.49612
-47486051123.38305,776764008436.8856
88404873685.42383,112563928211.30219
-239578104.8443797,112779992.87936412
-95528047368.99246,-50916915072.07885
179394440474.01776,-80008108267.63948
-65510545138.23559,217555745642.6531
-48612559799.99191,776693363864.6157
86315708761.28677,114155738342.94391
-239674183.17365772,112783427.69771515
-94098515803.596,-53583368724.59633
180163756989.44354,-78059849039.45483
-67513460700.65297,216955637561.48712
-49738966592.931694,776621085031.4929
84197316089.44986,115709039915.31703
-239762269.75529537,112798629.28485619
-92595418793.73792,-56207734084.839355
180909549024.9697,-76101391415.9994
-69510672739.06975,216337165023.92865
-50865269132.232254,776547172078.0392
82050399457.0402,117223292667.79256
-239842566.2221161,112825744.13259602
-91020016282.32236,-58788004071.82048
181631689296.19153,-74132978208.93045
-71502012826.07686,215700382980.5556
-51991465048.145515,776471625148.1909
79875672767.5451,118697968969.41675
-239915276.908866,112864915.16602404
-89373621638.82117,-61322210432.461815
182330052100.84683,-72154853661.23558
-73487313076.69106,215045347921.02264
-53117551971.151115,776394444389.3009
77673859822.79947,120132554012.9928
-239980608.79189798,112916281.69236137
-87657600407.45088,-63808425083.84874
183004513328.33667,-70167263459.85057
-75466406162.2962,214372117868.36212
-54243527531.96205,776315629952.1405
75445694101.08936,121526546005.72835
-240038771.42783082,112979979.35071227
-85873369026.62161,-66244761412.61587
183654950469.90317,-68170454748.438255
-77439125324.51775,213680752373.15747
-55369389361.53025,776235181990.9015
73191918531.41245,122879456356.36618
-240089976.89119038,113056140.06273912
-84022393521.22101,-68629375531.181595
184281242629.4737,-66164676140.31936
-79405304389.02937,212971312507.58972
-56495135091.05209,776153100663.198
70913285263.93857,124190809858.71512
-240134439.71104306,113144891.98428383
-82106188169.27371,-70960467490.60672
184883270535.1803,-64150177731.54557
-81364777779.29053,212243860859.3579
-57620762351.973885,776069386130.0688
68610555436.71495,125460144871.49828
-240172376.80663055,113246359.4579591
-80126314144.49126,-73236282449.90909
185460916551.5642,-62127211114.10523
-83317380530.21367,211498461525.4741
-58746268775.99722,775984038555.9795
66284498938.66298,126687013494.43573
-240204007.4220165,113360662.96673274
-78084378136.2004,-75455111801.72043
186014064692.47458,-60096029389.25162
-85262948301.76018,210735180105.93384
-59871651995.08437,775897058108.8243
63935894168.91536,127870981740.47867
-240229553.05975607,113487919.08852865
-75982030948.10878,-77615294254.223
186542600634.67145,-58056887180.94358
-87201317392.46373,209954083697.26288
-60996909641.46352,775808444959.9288
61565527792.54445,129011629704.11252
-240249237.41359988,113628240.45186794
-73820966077.33653,-79715216869.35258
187046411732.14258,-56010040649.388115
-89132324752.87996,209155240885.94077
-62122039347.63396,775718199284.0518
59174194492.73466,130108551725.64615
-240263286.3002448,113781735.69257373
-71602918275.11023,-81753316057.30025
187525387031.14432,-53955747504.673996
-91055807998.96143,208338721741.7022
-63247038746.37122,775626321259.3872
56762696719.45385,131161356551.40509
-240271927.59014454,113948509.41156328
-69329662090.48256,-83728078527.38945
187979417285.97668,-51894267020.48554
-92971605425.3567,207504597810.71707
-64371905470.73216,775532811067.5674
54331844434.68087,132169667489.7465
-240275391.13739374,114128662.13375108
-67003010398.406624,-85638042195.44525
188408394975.50278,-49825860047.88508
-94879556018.63257,206652942108.6494
-65496637154.05987,775437668893.6642
51882454854.24839,133133122562.8142
-240273908.70869988,114322290.26808642
-64624812913.45859,-87481797047.81108
188812214320.42322,-47750789029.15246
-96779499470.41814,205783829113.59695
-66621231429.988594,775340894926.1919
49415352186.362434,134051374653.95242
-240267713.9114584,114529486.06874907
-62196954690.46648,-89257985962.20381
189190771301.31625,-45669318011.669624
-98671276190.47008,204897334758.9112
-67745685932.44857,775242489357.1093
46931367366.862144,134924091650.69745
-240257042.1209465,114750337.59752646
-59721354613.26602,-90965305485.63078
189543963677.4539,-43581712661.837875
-100554727319.65773,203993536425.89923
-68869998295.67072,775142452381.8219
44431337791.28551,135750956583.26659
-240242130.40665227,114984928.68739587
-57199963872.76765,-92602506569.62299
189871691006.40555,-41488240279.01508
-102429694742.86713,203072512936.40817
-69994166154.1913,775040784199.1844
41916107043.80902,136531667758.46489
-240223217.45775682,115233338.9073347
-54634764435.48099,-94168395263.06584
190173854664.43976,-39389169809.45982
-104296021101.8231,202134344545.29263
-71118187142.85646,774937485011.5024
39386524623.13147,137265938888.93033
-240200543.50778666,115495643.52838218
-52027767503.605995,-95661833362.93471
190450357867.73538,-37284771860.268845
-106153549807.82834,201179112932.76636
-72242058896.82672,774832555024.535
36843445665.374214,137953499217.63913
-240174350.2584559,115771913.49097526
-49381011967.76175,-97081739023.26463
190701105694.41354,-35175318713.294014
-108002125054.41849,200206901196.63867
-73365779051.58134,774725994447.4968
34287730664.072685,138594093637.59344
-240144880.80271715,116062215.37358154
-46696562853.386734,-98427087322.70421
190926005107.4017,-33061084339.024406
-109841591829.9325,199217793844.43652
-74489345242.92262,774617803493.0599
31720245187.33603,139187482806.61484
-240112379.5470416,116366611.36265182
-43976509761.80693,-99696910791.02133
191124964978.14142,-30942344410.418705
-111671795929.99716,198211876785.41287
-75612755106.98009,774507982377.3561
29141859592.254055,139733443257.16748
-240077092.13294935,116685159.22391438
-41222965306.930984,-100890299894.94418
191297896111.15152,-28819376316.672695
-113492583969.9252,197189237322.44238
-76736006280.21463,774396531319.9785
26553448736.633,140231767501.13632
-240039265.35781136,117017912.27503318
-38438063548.495125,-102006403483.73416
191444711269.45828,-26692459176.90608
-115303803397.0258,196149964143.80493
-77859096399.42253,774283450543.9841
23955891688.143806,140682264129.48642
-239999147.09494582,117364919.35965158
-35623958422.74459,-103044429194.89857
191565325200.9047,-24561873853.752384
-117105302502.82707,195094147314.85794
-78982023101.73941,774168740275.8951
21350071430.96898,141084757906.7309
-239956986.21303183,117726224.82284304
-32782822171.402706,-104003643820.4601
191659654665.3506,-22427902966.835205
-118896930435.20944,194021878269.59824
-80104784024.64406,774052400745.7007
18736874570.036224,141439089860.13577
-239913032.49486452,118101868.48798977
-29916843769.744324,-104883373634.20695
191727618462.77567,-20290830906.113426
-120678537210.44946,192933249802.114
-81227376805.96223,773934432186.859
16117191032.929476,141745117363.59198
-239867536.5554761,118491885.63510987
-27028227354.556347,-105683004680.353
191769137462.29776,-18150943845.07762
-122449973725.17319,191828356057.92807
-82349799083.87038,773814834836.2985
13491913769.570068,142002714216.08554
