2
1e+51
1.989e+30
0.0,0.0
56133411023867.17,-28601401483591.46
2.980066643703124e-10,-1.518419796156189e-10
57461235737129.09,-25625005091834.35
9.022914386724238e-10,-4.4026957257279797e-10
58635074472546.98,-22579938205687.32
1.8203598106971827e-09,-8.495329333749199e-10
59651153731985.65,-19474119299507.637
3.058917786886391e-09,-1.3634254990670696e-09
60506101968717.21,-16315696469300.79
4.6238399094735176e-09,-1.965323376253983e-09
61196965667289.94,-13113027630298.184
6.52013904586577e-09,-2.6382273219720837e-09
61721224532375.92,-9874659410435.254
8.751938187128954e-09,-3.364807264973129e-09
62076805667511.72,-6609304766598.998
1.1322444495603702e-08,-4.127449290593613e-09
62262096623053.97,-3325819362270.3145
1.4233925842437457e-08,-4.908304987872005e-09
62275957192292.04,-33176757510.304688
1.748769007394021e-08,-5.689343032187304e-09
62117729835603.016,3259557524995.762
2.1084067240968473e-08,-6.45240285071894e-09
61787248614899.16,6543252981064.593
2.502239501784858e-08,-7.179250191798547e-09
61284846524485.97,9808742063351.61
2.930100752654423e-08,-7.851634393101149e-09
60611361109881.96,13046848973805.04
3.391722776777715e-08,-8.451347117998243e-09
59768138273187.83,16248419194260.727
3.886736384359911e-08,-8.960282304682502e-09
58757034172245.805,19404349626776.33
4.414670913552089e-08,-9.360497049303072e-09
57580415131082.66,22505619203553.523
4.974954657882329e-08,-9.634273122758514e-09
56241155490934.78,25543319815441.26
5.566915714726565e-08,-9.764178801415774e-09
54742633344431.98,28508687398270.086
6.18978326332928e-08,-9.733130675279625e-09
53088724110154.016,31393133007849.332
6.842689277731136e-08,-9.52445508342636e-09
51283791920626.47,34188273707565.773
7.52467067660136e-08,-9.121948816201872e-09
49332678813711.46,36885963087336.91
8.234671908448216e-08,-8.509938717086924e-09
47240691735068.8,39478321229355.164
8.971547967037602e-08,-7.673339814515211e-09
45013587377680.375,41957763934743.58
9.734067828138389e-08,-6.597711615492432e-09
42657554903090.336,44317031026028.89
1.0520918294987826e-07,-5.269312198734691e-09
40179196607742.88,46549213543289.586
1.1330708236187683e-07,-3.675149755271048e-09
37585506616314.88,48647779656977.68
1.216197319615928e-07,-1.803031239004703e-09
34883847701952.04,50606599127728.266
1.3013180354860483e-07,3.583921915180374e-10
32081926350537.383,52419966152899.98
1.3882733810255707e-07,2.8195832361246488e-09
29187766202269.94,54082620451031.02
1.4768980154083545e-07,5.590080290336862e-09
26209680018644.96,55589766448706.766
1.5670214308834126e-07,8.678463296678245e-09
23156240336162.535,56937090449334.16
1.658468559157228e-07,1.2092323816889111e-08
20036248979534.445,58120775679790.87
1.7510603968359293e-07,1.583823949676513e-08
16858705616627.545,59137515128616.03
1.844614646156394e-07,1.992175305822831e-08
13632775544733.031,59984522108066.05
1.9389463671333068e-07,2.4347355914799335e-08
10367756902881.344,60659538491685.07
2.0338686371924903e-07,2.9118476467462044e-08
7073047507773.217,61160840598737.13
2.12919321434977e-07,3.423747309859529e-08
3758111511453.619,61487242716613.46
2.2247312000286352e-07,3.9705631842788495e-08
432446077145.7949,61638098271865.375
2.320293697687602e-07,4.5523168675528645e-08
-2894451734241.0337,61613298679532.1
2.415692463547255e-07,5.168923632448858e-08
-6213117680403.455,61413269918661.984
2.5107405458645356e-07,5.8201935473954536e-08
-9514152478130.832,61038966899116.13
2.605252909394358e-07,6.50583302012457e-08
-12788253199062.934,60491865700673.75
2.699047041902067e-07,7.225446745517771e-08
-16026243763026.05,59773953779938.336
2.7919435398400454e-07,7.978540036101507e-08
-19219104383815.17,58887718253418.43
2.8837666705732446e-07,8.764521511418107e-08
-22357999835937.652,57836132376305.94
2.974344908826584e-07,9.582706120641043e-08
-25434306425322.074,56622640345818.21
3.063511445327077e-07,1.043231847131297e-07
-28439637562074.734,55251140565461.24
3.151104665920308e-07,1.131249643596514e-07
-31365867848789.055,53725967512202.1
3.236968599749738e-07,1.2222295007622074e-07
-34205155613442.008,52051872352332.79
3.3209533353938457e-07,1.3160690374795025e-07
-36949963831321.61,50234002453820.85
3.402915404156091e-07,1.4126584186505187e-07
-39593079395512.78,48277879943256.57
3.4827181299924746e-07,1.511880797813171e-07
-42127630710037.71,46189379454228.94
3.5602319458377185e-07,1.613612772942542e-07
-44547103593635.555,43974705211218.46
3.6353346763510033e-07,1.7177248526838577e-07
-46845355495234.445,41640367589025.24
3.707911787343479e-07,1.8240819303363797e-07
-49016628034298.94,39193159282507.93
3.777856602370569e-07,1.9325437630319833e-07
-51055557890337.53,36640131215151.92
3.845070487171106e-07,2.0429654536935945e-07
-52957186075860.625,33988568307875.98
3.9094630028116816e-07,2.155197933513786e-07
-54716965635945.72,31245965221687.0
3.9709520285478726e-07,2.2690884428595462e-07
-56330767825272.414,28420002179461.387
4.0294638555441563e-07,2.384481008682493e-07
-57794886820033.66,25518520963420.46
4.08493325270171e-07,2.501216916691767e-07
-59106043027528.445,22549501175920.145
4.1373035059285407e-07,2.619135176726834e-07
-60261385060527.32,19521036842125.562
4.186526432250427e-07,2.7380729799470417e-07
-61258490446721.57,16441313424110.715
4.232562370205126e-07,2.857866146631837e-07
-62095365145777.18,13318585307021.57
4.275380147987464e-07,2.978349563558123e-07
-62770441947780.95,10161153809264.277
4.314957030820813e-07,3.099357610087681e-07
-63282577827261.42,6977345760311.757
4.351278649022501e-07,3.2207245722565237e-07
-63631050326567.87,3775492681732.084
4.3843389082085367e-07,3.3422850443082443e-07
-63815553041276.4,563910599488.3594
4.414139883048257e-07,3.463874317254136e-07
-63836190278543.25,-2649119491512.099
4.4406916959336795e-07,3.585328754173212e-07
-63693470957021.86,-5855370496197.037
4.464012381873036e-07,3.7064861520849113e-07
-63388301814179.92,-9046687413029.945
4.4841277408547005e-07,3.8271860903358704e-07
-62921979983671.19,-12215004849684.871
4.501071178857862e-07,3.9472702655395563e-07
-62296185001905.41,-15352363862645.807
4.514883538611267e-07,4.066582813193799e-07
-61512970299186.56,-18450928127017.344
4.5256129211223144e-07,4.184970616176482e-07
-60574754226816.766,-21502999446614.65
4.5333144989169754e-07,4.3022836003840504e-07
-59484310667449.14,-24501032617639.086
4.5380503218474105e-07,4.4183750178314266e-07
-58244759271770.52,-27437649661957.016
4.5398891162397674e-07,4.533101717575746e-07
-56859555360351.414,-30305653448202.69
4.53890607807028e-07,4.646324404860486e-07
-55332479525259.89,-33098040720643.473
4.535182660774253e-07,4.757907888901518e-07
-53667626961835.58,-35808014557000.41
4.528806358210442e-07,4.867721319752861e-07
-51869396556893.72,-38428996277234.19
4.51987048322333e-07,4.975638414697953e-07
-49942479755606.88,-40954636825710.8
4.508473942168384e-07,5.081537674612614e-07
-47891849225419.414,-43378827649178.29
4.4947210056909783e-07,5.185302590738981e-07
-45722747331609.05,-45695711092641.06
4.478721075978674e-07,5.286821842296148e-07
-43440674435541.33,-47899690334535.24
4.460588450639324e-07,5.385989485333405e-07
-41051377023282.24,-49985438881612.336
4.44044208329427e-07,5.482705133206349e-07
-38560835669057.15,-51947909642650.6
4.418405340917015e-07,5.576874129025216e-07
-35975252835083.38,-53782343598556.83
4.3946057578933774e-07,5.668407710388823e-07
-33301040506570.54,-55484278084615.86
4.369174786729519e-07,5.757223166677086e-07
-30544807658187.363,-57049554698611.33
4.342247545289529e-07,5.843243989130448e-07
-27713347546046.938,-58474326846297.1
4.31396256040467e-07,5.9264000138961e-07
-24813624817271.594,-59755066933263.34
4.2844615076620966e-07,6.006627558168947e-07
-21852762427474.9,-60888573209631.11
4.2538889471520305e-07,6.083869549500276e-07
-18838028355049.12,-61871976271241.79
4.222392054929227e-07,6.15807564828917e-07
-15776822099981.93,-62702745218099.59
4.190120349927231e-07,6.229202363411471e-07
-12676660954055.385,-63378693467793.31
4.1572254160526605e-07,6.297213160878617e-07
-9545166028713.352,-63897984218484.79
4.1238606191817186e-07,6.362078565354514e-07
-6390048026630.651,-64259135552823.9
4.0901808187825667e-07,6.423776254292987e-07
-3219092743089.4385,-64461025170852.03
4.0563420738953243e-07,6.48229114439176e-07
-40146283676.393555,-64502894736607.766
4.0225013432164673e-07,6.53761546999178e-07
3138900014430.1724,-64384353819771.53
3.9888161790565776e-07,6.589748852983356e-07
6310124969200.029,-64105383410303.62
3.9554444149698956e-07,6.638698363713785e-07
9465593258650.234,-63666338980667.42
3.922543846891232e-07,6.684478572325153e-07
12597371452171.934,-63067953066915.54
3.890271907660628e-07,6.727111589886668e-07
15697544374297.965,-62311337336680.35
3.858785334868951e-07,6.766627098623745e-07
18758231804270.81,-61397984108987.24
3.828239832018444e-07,6.803062370486883e-07
21771605511711.23,-60329767287833.195
3.798789723061258e-07,6.836462273247956e-07
24729906625218.934,-59108942668686.9
3.7705876004561756e-07,6.866879263260684e-07
27625463326856.195,-57738147574510.66
3.743783966969037e-07,6.894373363976757e-07
30450708861176.016,-56220399775625.78
3.718526871535732e-07,6.919012129270226e-07
33198199842764.156,-54559095645790.48
3.6949615396077014e-07,6.940870590591446e-07
35860634841181.14,-52758007505284.086
3.673229998508459e-07,6.960031186949127e-07
38430873216732.96,-50821280100647.98
3.6534706984451433e-07,6.976583676705961e-07
40901954174691.66,-48753426170076.914
3.635818129940982e-07,6.990625030171098e-07
43267115999460.11,-46559321043342.12
3.6204024385819807e-07,7.002259301982415e-07
45519815423768.016,-44244196225615.83
3.607349038103241e-07,7.011597482294343e-07
47653747081345.83,-41813631915713.12
3.5967782229758813e-07,7.018757325823965e-07
49662862984706.445,-39273548411124.39
3.588804781793339e-07,7.023863157860231e-07
51541391962736.87,-36630196354833.47
3.583537612894313e-07,7.027045656409374e-07
53283858985839.375,-33890145782347.344
3.5810793437970993e-07,7.028441609734819e-07
54885104299449.05,-31060273931646.06
3.5815259561546886e-07,7.028193648652578e-07
56340302279986.67,-28147751783926.94
3.5849664180696583e-07,7.026449953063966e-07
57644979920786.73,-25160029309090.117
3.591482325730397e-07,7.023363932346464e-07
58795034849381.21,-22104819396903.344
3.60114755644316e-07,7.019093879380901e-07
59786752771840.73,-18990080462692.414
3.614027935235404e-07,7.013802598168309e-07
60616824234798.93,-15823997725211.992
3.6301809172922156e-07,7.007657005182247e-07
61282360591444.04,-12614963164027.791
3.6496552885568623e-07,7.000827704811126e-07
61780909054281.445,-9371554174233.266
3.672490886875961e-07,6.99348853946853e-07
62110466714984.54,-6102510947562.1455
3.6987183460969865e-07,6.985816115186155e-07
62269493410281.52,-2816712620851.8545
3.7283588655284814e-07,6.977989303751355e-07
62256923312694.19,476847754748.5781
3.761424007149163e-07,6.970188722706926e-07
62072175126158.29,3769089357580.243
3.797915522899346e-07,6.962596194791622e-07
61715160769210.05,7050870772924.477
3.837825214305057e-07,6.955394188662632e-07
61186292432597.26,10313018111530.924
3.881134826570845e-07,6.948765243002151e-07
60486487903924.31,13546353963535.621
3.9278159791308815e-07,6.942891376365283e-07
59617174059301.2,16741727069255.148
3.9778301344693686e-07,6.937953485371647e-07
58580288430945.03,19890042576018.766
4.031128606810975e-07,6.934130734073886e-07
57378278770255.06,22982292738595.58
4.0876526120410936e-07,6.931599937548394e-07
56014100537995.87,26009587910108.15
4.147333359945846e-07,6.93053494294272e-07
54491212266790.77,28963187660815.38
4.2100921895653663e-07,6.931106011376048e-07
52813568756029.71,31834531854006.125
4.2758407481339693e-07,6.933479204219944e-07
50985612075380.14,34615271501668.1
4.344481213741032e-07,6.937815777382701e-07
49012260370172.49,37297299217763.414
4.415906561491003e-07,6.944271587278997e-07
46898894479801.02,39872779084007.586
4.4900008725746245e-07,6.952996512184641e-07
44651342398698.04,42334175742139.74
4.566639685291391e-07,6.964133892652134e-07
42275861628145.81,44674282527881.33
4.645690386690948e-07,6.977819994595455e-07
39779119485909.8,46886248465165.01
4.727012643134208e-07,6.994183498541579e-07
37168171459123.64,48963603944791.4
4.810458867719249e-07,7.013345018392249e-07
34450437703741.133,50900284919412.945
4.895874722178227e-07,7.035416652843823e-07
31633677810905.78,52690655456583.31
4.983099650535083e-07,7.060501572377784e-07
28725963976497.832,54329528503437.59
5.071967441524992e-07,7.088693644462749e-07
25735652724641.316,55812184730231.336
5.162306816519923e-07,7.120077099304278e-07
22671355348852.062,57134389335277.24
5.253942039484609e-07,7.154726238145907e-07
19541907245573.875,58292406710554.48
5.34669354530699e-07,7.192705185768584e-07
16356336323909.848,59283012885175.695
5.440378582709615e-07,7.234067688461566e-07
13123830682273.719,60103505682707.64
5.534811867855363e-07,7.278856958351535e-07
9853705747368.504,60751712547761.664
5.629806244713147e-07,7.327105564584253e-07
6555371073295.99,61225996017001.195
5.725173348247237e-07,7.378835371460491e-07
3238296998705.386,61525256829452.4
5.820724266536518e-07,7.434057523241054e-07
-88018642259.78613,61648934690454.414
5.916270198016052e-07,7.492772474960325e-07
-3414083563780.76,61597006722461.55
6.011623100160152e-07,7.554970068229022e-07
-6730443641891.213,61369983653944.47
6.106596326090835e-07,7.620629650669744e-07
-10027714920935.992,60968903814586.55
6.201005245794421e-07,7.689720237317623e-07
-13296614846179.973,60395325020620.43
6.294667848857794e-07,7.762200712036666e-07
-16527992567290.594,59651314448315.22
6.387405325890172e-07,7.838020066753056e-07
-19712858170201.35,58739436606158.51
6.479042626071101e-07,7.917117676092051e-07
-22842410708685.33,57662739527068.37
6.56940898855604e-07,7.999423604826651e-07
-25908064921579.043,56424739310944.35
6.658338445772243e-07,8.084858945404564e-07
-28901476536748.477,55029403154985.53
6.745670296944895e-07,8.173336182715386e-07
-31814566078335.688,53481131014466.18
6.83124955050187e-07,8.264759583191499e-07
-34639541109330.773,51784736040096.15
6.914927334310683e-07,8.359025605302986e-07
-37368916856858.68,49945423939764.63
6.996561272999153e-07,8.456023328506954e-07
-39995535182549.35,47968771412460.695
7.076015831898306e-07,8.555634897742924e-07
-42512581874790.17,45860703800591.53
7.153162627418961e-07,8.657735980625816e-07
-44913602253381.01,43627472103909.836
7.227880703929566e-07,8.762196234573666e-07
-47192515089988.44,41275629493957.266
7.30005677743992e-07,8.868879781215512e-07
-49343624859715.48,38812007462486.52
7.369585446611777e-07,8.977645685552684e-07
-51361632349980.625,36243691730898.78
7.436369371811703e-07,9.088348437490827e-07
-53241643662672.58,33577998040489.08
7.500319423093194e-07,9.200838433517131e-07
-54979177654176.28,30822447935390.45
7.561354798143618e-07,9.314962456464421e-07
-56570171865334.71,27984744641705.293
7.619403111357051e-07,9.430564151477764e-07
-58010986999721.37,25072749137560.004
7.674400455296981e-07,9.547484496477554e-07
-59298410013771.02,22094456499857.816
7.726291435893783e-07,9.665562265592787e-07
-60429655886386.36,19057972604466.066
7.775029182781863e-07,9.784634484217203e-07
-61402368138653.72,15971491247576.951
7.820575336221558e-07,9.904536874516948e-07
-62214618176321.47,12843271747131.918
7.862900012072571e-07,1.0025104290389645e-06
-62864903528786.58,9681617074592.75
7.901981746290483e-07,1.0146171141039532e-06
-63352145058571.836,6494852559057.62
7.937807420407062e-07,1.0267571802490331e-06
-63675683214735.56,3291305197825.4873
7.970372169430528e-07,1.0389141016505733e-06
-63835273402416.96,79283600062.29004
7.999679273564932e-07,1.0510714276525809e-06
-63831080538863.45,-3132941416739.301
8.025740035100223e-07,1.0632128200355806e-06
-63663672863891.53,-6337155564255.877
8.048573641767743e-07,1.0753220889461085e-06
-63334015069876.28,-9525219147432.648
8.068207017791392e-07,1.0873832274828213e-06
-62843460813122.41,-12689084453176.018
8.084674663793946e-07,1.0993804449447335e-06
-62193744664910.83,-15820812466410.309
8.098018486642262e-07,1.1112981987554897e-06
-61386973556707.34,-18912588920491.203
8.108287620235619e-07,1.1231212250848796e-06
-60425617770024.28,-21956739692638.293
8.115538238159413e-07,1.1348345681950312e-06
-59312501517299.84,-24945745558179.945
8.119833359042738e-07,1.146423608543904e-06
-58050793155954.54,-27872256320011.824
8.121242645374124e-07,1.157874089682892e-06
-56643995073546.46,-30729104331775.906
8.119842196445605e-07,1.1691721439885781e-06
-55095933277719.305,-33509317434891.46
8.115714336012116e-07,1.1803043172710044e-06
-53410746720455.81,-36206131330737.17
8.108947395171669e-07,1.1912575923022851e-06
-51592876382048.04,-38813001410018.93
8.099635490892293e-07,1.2020194113100402e-06
-49647054136202.97,-41323614061686.0
8.08787830053503e-07,1.2125776974800245e-06
-47578291413842.71,-43731897483704.6
8.07378083264854e-07,1.2229208755115062e-06
-45391867679454.89,-46032032017587.19
8.057453194240718e-07,1.2330378912674731e-06
-43093318730319.44,-48218460027832.33
8.039010354666321e-07,1.2429182305596483e-06
-40688424825599.48,-50285895346377.32
8.018571906207241e-07,1.2525519371056368e-06
-38183198649150.83,-52229332300826.42
7.996261821364127e-07,1.2619296296923283e-06
-35583873106989.11,-54044054343612.82
7.9722082068246e-07,1.2710425185760068e-06
-32896888957667.34,-55725642297403.35
7.946543054024631e-07,1.2798824211454918e-06
-30128882271370.152,-57269982229980.375
7.91940198617598e-07,1.2884417768700932e-06
-27286671711333.26,-58673272969554.09
7.890924001593979e-07,1.296713661549258e-06
-24377245629257.66,-59932033268988.78
7.861251213126736e-07,1.3046918008755257e-06
-21407748964716.39,-61043108624784.92
7.830528583459058e-07,1.3123705833168518e-06
-18385469937156.773,-62003677753863.23
7.79890365604235e-07,1.3197450723185209e-06
-15317826517991.861,-62811258728262.38
7.766526281385567e-07,1.326811017818798e-06
-12212352669461.648,-63463714764807.33
7.733548338432186e-07,1.333564867066177e-06
-9076684336436.795,-63959259663645.766
7.700123450744382e-07,1.3400037747196367e-06
-5918545177146.387,-64296462886305.62
7.666406697218281e-07,1.3461256122067254e-06
-2745732018947.069,-64474254260614.03
7.63255431706358e-07,1.3519289763076117e-06
433899974274.812,-64491928296459.64
7.598723408797267e-07,1.3574131969265115e-06
3612452435652.2026,-64349148092995.84
7.565071623024687e-07,1.3625783440051683e-06
6781999241236.064,-64045948814497.87
7.531756848812257e-07,1.3674252335263772e-06
9934602278084.355,-63582740708725.93
7.498936893494695e-07,1.3719554325489687e-06
13062327542440.578,-62960311638339.91
7.466769155806069e-07,1.376171263209257e-06
16157261573567.23,-62179829092688.375
7.435410292278381e-07,1.3800758056177853e-06
19211528226064.47,-61242841644191.086
7.40501587691389e-07,1.3836728995743341e-06
22217305780361.82,-60151279810585.98
7.375740054208055e-07,1.3869671450186912e-06
25166844387517.07,-58907456281560.2
7.347735185678894e-07,1.3899639011296797e-06
28052483840490.598,-57514065465772.984
7.321151490145537e-07,1.3926692839805193e-06
30866671659688.21,-55974182312052.65
7.296136678093781e-07,1.3950901626548355e-06
33601981475788.695,-54291260356661.46
7.272835580569231e-07,1.3972341537246497e-06
36251131687705.84,-52469128947020.83
7.251389773148713e-07,1.3991096139895743e-06
38807004367997.555,-50511989591231.73
7.231937195657672e-07,1.4007256313753323e-06
41262664382151.58,-48424411382166.164
7.214611768424543e-07,1.4020920138897042e-06
43611378681981.234,-46211325444902.54
7.199543005991684e-07,1.4032192765352323e-06
45846635726895.375,-43878018356887.9
7.186855629335635e-07,1.4041186260805448e-06
47962164980114.62,-41430124491489.8
7.17666917778584e-07,1.4048019435961545e-06
49951956420048.19,-38873617237603.65
7.169097621969265e-07,1.4052817646661101e-06
51810280000091.32,-36214799050759.19
7.164248979247131e-07,1.405571257194032e-06
53531704983128.85,-33460290294767.453
7.16222493324727e-07,1.4056841967309314e-06
55111119070124.55,-30617016837407.105
7.163120459229754e-07,1.4056349392628531e-06
56543747235433.71,-27692196368997.094
7.167023457152159e-07,1.4054383914088234e-06
57825170175005.266,-24693323418962.37
7.174014394421895e-07,1.4051099779938777e-06
58951342267551.59,-21628153052680.375
7.184165960434107e-07,1.4046656069780438e-06
59918608943181.06,-18504683238993.438
7.197542735092153e-07,1.4041216317400434e-06
60723723349035.14,-15331135887766.82
7.214200873591081e-07,1.403494810734084e-06
61363862197278.2,-12115936566726.75
7.234187809810255e-07,1.4028022645593074e-06
61836640677484.78,-8867692917472.865
7.257541980706672e-07,1.4020614305041224e-06
62140126313184.41,-5595171801950.349
7.284292574123243e-07,1.401290014651571e-06
62272851641183.98,-2307275222694.1353
7.314459302423873e-07,1.4005059416568338e-06
62233825592408.34,986984927293.998
7.348052204337578e-07,1.399727302333709e-06
62022543454488.695,4278513216240.3047
7.385071477335222e-07,1.398972299213084e-06
61638995299276.97,7558158044905.205
7.425507342773291e-07,1.3982591902627227e-06
61083672762947.84,10816739942316.156
7.469339945918368e-07,1.3976062309837338e-06
60357574072420.21,14045080677649.594
7.516539292813108e-07,1.3970316151244591e-06
59462207219516.42,17234033067224.172
7.56706522575945e-07,1.3965534142768283e-06
58399591193580.836,20374511343352.96
7.620867438978205e-07,1.3961895166429871e-06
57172255194170.46,23457521940351.695
7.677885535757116e-07,1.3959575652808363e-06
55783235757849.28,26474194542533.785
7.738049128123972e-07,1.3958748961555377e-06
54236071746970.83,29415813229757.45
7.801277979779803e-07,1.3959584763396765e-06
52534797163494.266,32273847548234.312
7.867482192702805e-07,1.3962248427172001e-06
50683931767188.63,35039983328056.176
7.936562437490138e-07,1.3966900415551571e-06
48688469494848.28,37706153064422.31
8.008410227146588e-07,1.3973695693123229e-06
46553864695151.586,40264565677003.24
8.08290823366095e-07,1.398278315054789e-06
44286016212301.98,42707735461378.87
8.159930646338224e-07,1.3994305048453402e-06
41891249370331.55,45028510048125.08
8.239343570483845e-07,1.400839648465845e-06
39376295928645.37,47220097188941.75
8.321005464670814e-07,1.402518488819938e-06
36748272097751.164,49276090195224.54
8.404767614467677e-07,1.4044789543470209e-06
34014654721864.81,51190491862648.57
8.490474640170329e-07,1.406732114758245e-06
31183255751921.61,52957736725577.21
8.577965035769193e-07,1.4092881403808482e-06
28262195148181.99,54572711497314.89
8.667071736100418e-07,1.4121562653693653e-06
25259872365842.008,56030773566229.984
8.757622708880114e-07,1.41534475501118e-06
22184936589612.043,57327767433386.57
8.849441568108126e-07,1.4188608773200856e-06
19046255893909.23,58460038994313.5
8.942348205155906e-07,1.422710879075508e-06
15852885513954.664,59424447585649.305
9.036159433724145e-07,1.4268999664273454e-06
12614035419547.627,60218375736354.14
9.130689644771633e-07,1.431432290147587e-06
9339037387521.23,60839736582682.82
9.225751467478186e-07,1.4363109355705882e-06
6037311770825.892,61286978925864.414
9.32115643231136e-07,1.441537917224697e-06
2718334161841.9814,61559089931133.63
9.416715632318069e-07,1.4471141781194364e-06
-608397855062.3228,61655595486110.914
9.512240378856495e-07,1.4530395936152069e-06
-3933397671449.655,61576558255250.6
9.607542848118154e-07,1.4593129797670103e-06
-7247222159693.797,61322573484906.67
9.702436714961654e-07,1.4659321060004822e-06
-10540503539936.012,60894762630264.84
9.796737770784638e-07,1.4728937119479659e-06
-13803980444536.36,60294764890750.336
9.890264522394416e-07,1.4801935282448246e-06
-17028528027205.82,59524726754365.51
9.982838769096359e-07,1.4878263010619446e-06
-20205186977002.703,58587289663600.93
1.0074286155497248e-06,1.4957858201296354e-06
-23325191311362.05,57485575925993.31
1.0164436697813682e-06,1.5040649499910217e-06
-26379994837050.867,56223173001007.41
1.0253125281778196e-06,1.5126556642095998e-06
-29361296183155.984,54804116301666.65
1.0340192130543328e-06,1.521549082245894e-06
-32261062325672.332,53232870654253.414
1.0425483241291617e-06,1.530735508712017e-06
-35071550538734.43,51514310562481.79
1.0508850789563265e-06,1.5402044747102844e-06
-37785328722805.125,49653699423880.42
1.0590153500608974e-06,1.5499447809626705e-06
-40395294075003.484,47656667845802.51
1.0669256987359517e-06,1.559944542441595e-06
-42894690081039.72,45529191206619.4
1.07460340548732e-06,1.5701912342190287e-06
-45277121821773.8,43277566604384.86
1.0820364971374496e-06,1.580671738259927e-06
-47536569600095.16,40908389330725.25
1.0892137706230025e-06,1.5913723908972092e-06
-49667400905527.36,38428529002071.2
1.0961248135419921e-06,1.602279030738611e-06
-51664380744612.97,35845105473759.23
1.1027600215252292e-06,1.6133770467703958e-06
-53522680374672.664,33165464655159.195
1.109110612523547e-06,1.6246514264388203e-06
-55237884486924.875,30397154335986.062
1.1151686381166569e-06,1.6360868035070928e-06
-56805996892184.516,27547900125486.77
1.1209269919615744e-06,1.647667505503036e-06
-58223444768438.48,24625581597405.312
1.1263794155084062e-06,1.6593776005905181e-06
-59487081534543.88,21638208724658.836
1.1315205011189508e-06,1.6712009437156498e-06
-60594188418151.83,18593898678634.504
1.1363456927291664e-06,1.6831212218965787e-06
-61542474788773.9,15500853059056.99
1.1408512842002124e-06,1.6951219985431921e-06
-62330077328742.57,12367335611583.809
1.1450344155045937e-06,1.707186756710019e-06
-62955558115737.53,9201650481750.965
1.1488930668941078e-06,1.7192989412019285e-06
-63417901690632.36,6012121045692.561
1.1524260511949422e-06,1.7314419994677338e-06
-63716511183737.484,2807069350259.712
1.1556330043725652e-06,1.7435994212314173e-06
-63851203571155.63,-405203812180.80615
1.158514374505154e-06,1.7557547768243217e-06
-63822204131005.05,-3616438175838.467
1.1610714092993634e-06,1.767891754194232e-06
-63630140166782.34,-6818432608377.973
1.1633061422764137e-06,1.779994194578775e-06
-63276034062208.16,-10003063046263.248
1.165221377749911e-06,1.7920461268409536e-06
-62761295728597.74,-13162299757469.453
1.1668206747096455e-06,1.8040318004739115e-06
-62087714502195.68,-16288223935130.967
1.1681083297179785e-06,1.8159357172901995e-06
-61257450545073.914,-19373043629801.082
1.1690893589174363e-06,1.8277426618178844e-06
-60273025799176.266,-22409109031558.5
1.1697694792399066e-06,1.8394377304318652e-06
-59137314538956.0,-25388927116219.945
1.1701550888994621e-06,1.8510063592537455e-06
-57853533563846.49,-28305175672424.598
1.1702532472424259e-06,1.8624343508575997e-06
-56425232067574.695,-31150716728364.73
1.170071654019906e-06,1.8737078998220287e-06
-54856281217113.055,-33918609398470.17
1.1696186281397575e-06,1.884813617171047e-06
-53150863469905.03,-36602122171435.99
1.1689030859468183e-06,1.8957385537476475e-06
-51313461653923.41,-39194744661637.734
1.1679345190723862e-06,1.906470222564394e-06
-49348847831158.04,-41690198846231.664
1.1667229718862957e-06,1.9169966201751457e-06
-47262071961304.42,-44082449810114.2
1.1652790185776587e-06,1.9273062471110715e-06
-45058450378757.74,-46365716020439.26
1.1636137398833956e-06,1.9373881274225175e-06
-42743554092527.82,-48534479151589.0
1.1617386994771243e-06,1.9472318273660835e-06
-40323196915393.8,-50583493480385.69
1.1596659200248298e-06,1.9568274732735e-06
-37803423425528.23,-52507794869941.67
1.1574078589080331e-06,1.9661657686356138e-06
-35190496760950.58,-54302709358893.24
1.154977383609923e-06,1.9752380104310273e-06
-32490886244531.074,-55963861370871.17
1.1523877467551506e-06,1.98403610472472e-06
-29711254834867.61,-57487181556946.48
1.1496525607897109e-06,1.992552581557391e-06
-26858446396210.992,-58868914281472.0
1.146785772283581e-06,2.0007806091412544e-06
-23939472778725.746,-60105624759236.81
1.1438016358355672e-06,2.0087140073727364e-06
-20961500698754.844,-61194205849177.93
1.1407146875571422e-06,2.016347260666873e-06
-17931838407415.914,-62131884507069.875
1.1375397181099641e-06,2.0236755301123426e-06
-14857922134803.3,-62916227896652.83
1.1342917452702587e-06,2.0306946649399427e-06
-11747302296314.707,-63545149155582.41
1.1309859859923647e-06,2.0374012132909853e-06
-8607629447173.249,-64016912809405.13
1.127637827943476e-06,2.0437924322656125e-06
-5446639971086.261,-64330139823501.72
1.1242628004820174e-06,2.04986629722441e-06
-2272141489182.279,-64483812279614.484
1.1208765450531645e-06,2.0556215103099964e-06
908002024091.3335,-64477277660206.266
1.117494784976798e-06,2.0610575081485256e-06
4085885430534.1562,-64310252720507.86
1.1141332946056804e-06,2.0661744686843013e-06
7253577934388.365,-63982826924724.22
1.1108078678348927e-06,2.0709733170940234e-06
10403138914698.04,-63495465419512.05
1.1075342859475854e-06,2.0754557307206294e-06
13526634091347.434,-62849011514543.03
1.1043282847868928e-06,2.079624142960306e-06
16616152029879.82,-62044688636758.82
1.1012055212494702e-06,2.083481746030124e-06
19663820987381.555,-61084101721841.13
1.0981815391025242e-06,2.087032492537935e-06
22661826098489.797,-59969238003501.33
1.095271734133448e-06,2.0902810957707744e-06
25602426896943.527,-58702467158478.77
1.09249131864923e-06,2.093233028613103e-06
28477975164045.707,-57286540762671.45
1.0898552853516784e-06,2.095894521001915e-06
31280933090943.55,-55724591011652.34
1.0873783706241736e-06,2.0982725558221047e-06
34003891736772.152,-54020128657001.85
1.0850750172761004e-06,2.100374863142649e-06
36639589759457.586,-52177040108462.305
1.0829593368022858e-06,2.102209912692248e-06
39180932390359.05,-50199583650950.984
1.081045071226612e-06,2.1037869044721387e-06
41621010617971.99,-48092384725008.86
1.0793455546114433e-06,2.1051157574040155e-06
43953120539649.75,-45860430219371.6
1.0778736743274825e-06,2.106207095912466e-06
46170782833771.95,-43509061725083.65
1.0766418321920905e-06,2.1070722343441266e-06
48267762298045.59,-41043967701992.27
1.0756619055978137e-06,2.1077231591300556e-06
50238087392728.85,-38471174510609.55
1.0749452087667484e-06,2.1081725086036577e-06
52076069720588.92,-35797036265266.66
1.0745024542802547e-06,2.1084335503939833e-06
53776323368422.96,-33028223468251.332
1.0743437150472552e-06,2.1085201563234464e-06
55333784028074.87,-30171710389253.766
1.0744783868876958e-06,2.1084467747500062e-06
56743727808169.19,-27234761159978.105
1.0749151519205195e-06,2.108228400306686e-06
58001789641364.086,-24224914560224.74
1.0756619429574589e-06,2.1078805410059574e-06
59103981185913.58,-21149967479119.68
1.0767259091148582e-06,2.107419182693008e-06
60046708114847.195,-18017957043454.168
1.0781133828653322e-06,2.106860750850164e-06
60826786681249.555,-14837141414277.11
1.0798298487591044e-06,2.1062220697746935e-06
61441459444083.18,-11615979262914.82
1.0818799140510767e-06,2.1055203191737486e-06
61888410035876.05,-8363107948417.928
1.0842672814738111e-06,2.104772988243156e-06
62165776851519.05,-5087320429975.587
1.0869947243984077e-06,2.103997827320951e-06
62272165536512.3,-1797540959993.5576
1.0900640646245104e-06,2.103212797231707e-06
62206660153377.89,1497200383814.0767
1.0934761530371513e-06,2.1024360164635995e-06
61968832906724.984,4787794255959.299
1.0972308533616944e-06,2.1016857063464125e-06
61558752310699.414,8065079605771.406
1.1013270292385938e-06,2.1009801344250107e-06
60976989687345.42,11319872147244.979
1.1057625348269726e-06,2.1003375562487807e-06
60224623890799.14,14542993625283.752
1.110534209130091e-06,2.0997761558227737e-06
59303244160245.98,17725301754794.14
1.115637874216621e-06,2.099313984990343e-06
58214951014201.93,20857720696986.13
1.121068337489352e-06,2.098968902039519e-06
56962355109886.83,23931271925952.246
1.1268193981276542e-06,2.0987585098457644e-06
55548574004178.51,26937105328337.297
1.1328838578019066e-06,2.0987000938816886e-06
53977226766770.67,29866530369898.37
1.1392535357274481e-06,2.0988105604393284e-06
52252426411570.484,32711047155192.336
1.14591928809273e-06,2.0991063754223885e-06
50378770128899.055,35462377200707.2
1.1528710318616558e-06,2.099603504074009e-06
48361327318503.086,38112493737644.92
1.1600977729140132e-06,2.1003173520098958e-06
46205625441525.14,40653651358410.33
1.1675876384509331e-06,2.1012627079268358e-06
43917633728165.805,43078414820777.94
1.1753279135549924e-06,2.102453688352489e-06
41503744796536.36,45379686825773.52
1.1833050817574479e-06,2.103903684793904e-06
38970754256864.6,47550734589561.43
1.191504869428746e-06,2.105625313629387e-06
36325838393491.13,49585215036070.555
1.1999122937734528e-06,2.1076303690712654e-06
33576530034688.406,51477198445678.83
1.208511714177669e-06,2.1099297795059303e-06
30730692736966.96,53221190405922.44
1.2172868866263682e-06,2.1125335674925014e-06
27796493425930.79,54812151922774.3
1.2262210208804287e-06,2.1154508136729483e-06
24782373649655.188,56245517565379.805
1.235296840078863e-06,2.118689624814855e-06
21697019612759.23,57517211533043.28
1.244496642411282e-06,2.12225710617374e-06
18549331169636.746,58623661550491.15
1.2538023644892658e-06,2.1261593383254565e-06
15348389963535.365,59561810515736.47
1.2631956460333036e-06,2.1304013585812247e-06
12103426904214.348,60329125843952.18
1.272657895484437e-06,2.134987147058943e-06
8823789180692.45,60923606470332.875
1.2821703561467906e-06,2.1399196174450954e-06
5518907007084.922,61343787494685.22
1.2917141724687444e-06,2.1452006124425153e-06
2198260298736.251,61588742470134.79
1.3012704560765052e-06,2.1508309038609774e-06
-1128654527162.4297,61658083357579.39
1.3108203511840732e-06,2.1568101972706853e-06
-4452357437428.807,61551958186076.836
1.3203450990178033e-06,2.1631371411036858e-06
-7763417173317.1,61271046476971.28
1.3298261009116006e-06,2.1698093400555297e-06
-11052482972587.555,60816552506003.68
1.3392449797498842e-06,2.1768233726095466e-06
-14310315460890.896,60190196492716.81
1.3485836394593575e-06,2.1841748124792e-06
-17527816562160.389,59394203819984.836
1.35782432227688e-06,2.191858253740444e-06
-20696058290905.48,58431292398338.35
1.3669496635488583e-06,2.199867339405981e-06
-23806310303439.453,57304658299822.65
1.3759427438470666e-06,2.208194793176936e-06
-26850066099899.99,56017959794359.805
1.3847871382161643e-06,2.2168324540947896e-06
-29819067784188.297,54575299927962.266
1.39346696239895e-06,2.225771313807394e-06
-32705329304418.27,52981207786677.625
1.4019669159160835e-06,2.235001556157456e-06
-35501158111902.02,51240618592875.22
1.4102723219072245e-06,2.244512598799896e-06
-38199175191888.27,49358852781487.21
1.418369163669872e-06,2.2542931365557246e-06
-40792333434019.65,47341594203186.9
1.426244117860306e-06,2.2643311862143585e-06
-43273934324610.734,45194867599343.38
1.4338845843476254e-06,2.274614132503293e-06
-45637642956220.16,42925015490069.836
1.4412787127367073e-06,2.2851287749535032e-06
-47877501362471.336,40538674611929.52
1.4484154255987614e-06,2.2958613754005446e-06
-49987940197567.26,38042752036036.055
1.4552844384688907e-06,2.3067977058747205e-06
-51963788790368.2,35444401090542.61
1.461876276688574e-06,2.3179230966486017e-06
-53800283612205.85,32750997204020.777
1.4681822891872061e-06,2.329222484226263e-06
-55493075205762.336,29970113778142.434
1.4741946593107503e-06,2.3406804590755586e-06
-57038233629339.99,27109498189552.125
1.4799064128171907e-06,2.3522813129223014e-06
-58432252476696.5,24177048011998.86
1.4853114231678722e-06,2.3640090854430605e-06
-59672051537346.73,21180787540822.477
1.49040441425107e-06,2.375847610211194e-06
-60754978165878.41,18128844692886.59
1.4951809606793313e-06,2.3877805597684797e-06
-61678807431445.555,15029428346131.281
1.4996374858054196e-06,2.3997914897120686e-06
-62441741120254.016,11890806174185.662
1.5037712576031859e-06,2.411863881703325e-06
-63042405664606.914,8721283023020.771
1.5075803825595571e-06,2.423981185321231e-06
-63479849072009.125,5529179868512.428
1.5110637977222164e-06,2.436126858698371e-06
-63753536927017.12,2322813386083.626
1.5142212610446064e-06,2.448284407891886e-06
-63863347537043.19,-889523843642.7612
1.5170533401657946e-06,2.4604374249552126e-06
-63809566291261.336,-4099582475989.2896
1.51956139975762e-06,2.4725696246887616e-06
-63592879299193.47,-7299174879186.67
1.5217475875655869e-06,2.4846648800589643e-06
-63214366372556.23,-10480192941837.959
1.5236148192632885e-06,2.4967072562852733e-06
-62675493410592.14,-13634625210676.484
1.5251667622328967e-06,2.508681043603753e-06
-61978104245463.91,-16754573362959.217
1.526407818376554e-06,2.5205707887238404e-06
-61124412000420.76,-19832268021832.098
1.5273431060554845e-06,2.532361325001722e-06
-60116990009411.25,-22860083926453.535
1.5279784412453878e-06,2.54403780135957e-06
-58958762342671.7,-25830554471581.18
1.5283203179883243e-06,2.5555857099846786e-06
-57652993978613.5,-28736385633732.73
1.528375888212892e-06,2.5669909128463306e-06
-56203280658110.44,-31570469302944.633
1.528152940986152e-06,2.5782396670711077e-06
-54613538453088.664,-34325896040595.62
1.5276598812525228e-06,2.589318649219338e-06
-52887993077182.41,-36995967284759.07
1.5269057081068101e-06,2.6002149785065126e-06
-51031168962169.4,-39574207025123.73
1.5258999926407197e-06,2.6109162390138676e-06
-49047878119967.9,-42054372969701.79
1.524652855394657e-06,2.6214105009319437e-06
-46943208806186.59,-44430467225351.25
1.5231749434394057e-06,2.6316863408798607e-06
-44722513997589.5,-46696746513600.375
1.5214774071054097e-06,2.641732861341333e-06
-42391399692388.79,-48847731942400.18
1.5195718763709162e-06,2.651539709256139e-06
-39955713039024.445,-50878218353268.25
1.5174704369141774e-06,2.661097093802891e-06
-37421530296044.56,-52783283261846.82
1.515185605829294e-06,2.6703958034055763e-06
-34795144622876.29,-54558295408199.89
1.5127303070001276e-06,2.67942722199249e-06
-32083053698685.805,-56198922931238.89
1.5101178461220362e-06,2.6881833445318957e-06
-29291947164176.125,-57701141179512.53
1.5073618853570166e-06,2.6966567918640685e-06
-26428693879074.137,-59061240168242.336
1.5044764176041815e-06,2.704840824844331e-06
-23500328986221.703,-60275831689948.42
1.5014757403643864e-06,2.712729357806311e-06
-20514040771619.723,-61341856083307.26
1.498374429175265e-06,2.7203169713489817e-06
-17477157308487.596,-62256588662031.06
1.4951873105909423e-06,2.727598924445111e-06
-14397132872403.705,-63017645802574.0
1.4919294346793163e-06,2.734571165862571e-06
-11281534113894.809,-63622990686370.13
1.4886160470090178e-06,2.741230344883609e-06
-8138025974454.508,-64070938689109.63
1.4852625600980328e-06,2.747573821300653e-06
-4974357331903.826,-64360162406281.414
1.4818845242964939e-06,2.753599674660582e-06
-1798346361271.7563,-64489696300871.49
1.4784975980773588e-06,2.7593067127226802e-06
1382134402018.0703,-64458940955727.6
1.475117517710609e-06,2.7646944790887305e-06
4559173308905.01,-64267666909704.945
1.4717600662992496e-06,2.7697632599569697e-06
7724835164313.604,-63916018053319.9
1.4684410421587857e-06,2.7745140899449564e-06
10871177124852.615,-63404514556284.78
1.4651762265260228e-06,2.778948756919855e-06
13990264933706.838,-62734055296007.89
1.4619813505879976e-06,2.7830698057683026e-06
17074189497343.54,-61905919752950.37
1.4588720618276136e-06,2.7868805410319242e-06
20115083805756.023,-60921769335671.5
1.4558638896891391e-06,2.790385028328822e-06
23105140194656.293,-59783648095504.875
1.4529722105741372e-06,2.7935880944760457e-06
26036627944304.477,-58493982788131.55
1.4502122121866182e-06,2.7964953262232313e-06
28901911205524.816,-57055582236897.945
1.447598857255261e-06,2.7991130675034015e-06
31693467238911.27,-55471635950613.76
1.4451468466703762e-06,2.8014484151034244e-06
34403904948279.293,-53745711946809.61
1.4428705820838992e-06,2.8035092126539568e-06
37025983684088.93,-51881753730089.1
1.4407841280320181e-06,2.8053040428369424e-06
39552632286868.95,-49884076374330.586
1.4389011736520485e-06,2.8068422177080345e-06
41976968334640.62,-47757361657137.484
1.4372349940777533e-06,2.8081337670317502e-06
44292317552007.945,-45506652195159.78
1.4357984116104091e-06,2.8091894245288805e-06
46492233331994.09,-43137344529770.64
1.4346037567764328e-06,2.810020611938774e-06
48570516314912.414,-40655181114136.79
1.4336628293961606e-06,2.8106394208036857e-06
50521233961629.62,-38066241155023.0
1.4329868598023013e-06,2.8110585918885476e-06
52338740051578.12,-35376930265768.33
1.4325864703604808e-06,2.811291492157343e-06
54017694028887.72,-32593968890808.98
1.4324716374579824e-06,2.8113520892368487e-06
55553080113124.39,-29724379466935.965
1.4326516541400707e-06,2.8112549233098736e-06
56940226084446.664,-26775472292192.68
1.4331350935859406e-06,2.8110150763933218e-06
58174821646627.89,-23754830079954.797
1.433929773628128e-06,2.810648138971458e-06
59252936265461.93,-20670291183296.586
1.4350427225299133e-06,2.810170173971602e-06
60171036374694.14,-17529931483223.605
1.4364801462445802e-06,2.8095976780881096e-06
60926001836927.1,-14342044943715.307
1.4382473973881077e-06,2.808947540480792e-06
61515141543071.3,-11115122846728.342
1.4403489461627128e-06,2.8082369988957935e-06
61936208030976.32,-7857831731299.547
1.4427883534723634e-06,2.8074835932801772e-06
62187411002015.89,-4578990072573.882
1.445568246472707e-06,2.8067051169859075e-06
62267429613732.6,-1287543748863.9502
1.4486902967965895e-06,2.8059195656842737e-06
62175423427290.05,2007459642399.4927
1.45215520169225e-06,2.805145084137828e-06
61911041890531.8,5296897545886.115
1.4559626683042284e-06,2.8043999110032437e-06
61474432240994.32,8571600199568.254
1.4601114013168538e-06,2.8037023218648225e-06
60866245718331.086,11822379275491.096
1.4645990941668272e-06,2.8030705707242768e-06
60087641982320.516,15040057296675.19
1.4694224240148221e-06,2.8025228301974708e-06
59140291640969.734,18215497704113.633
1.4745770506462385e-06,2.8020771306926206e-06
58026376803177.78,21339635435857.977
1.4800576194483198e-06,2.801751298866546e-06
56748589581944.48,24403507869072.566
1.485857768584952e-06,2.8015628956755526e-06
55310128487131.07,27398285965896.57
1.4919701404618004e-06,2.801529154354916e-06
53714692661188.33,30315305455200.758
1.4983863975432942e-06,2.801666918675394e-06
51966473926927.19,33146097875065.66
1.505097242549676e-06,2.8019925818362838e-06
50070146633144.52,35882421295226.28
1.5120924430273068e-06,2.80252202636198e-06
48030855301529.375,38516290534991.59
1.5193608602490899e-06,2.803270565372476e-06
45854200096534.445,41040006690392.84
1.5268904823647859e-06,2.804252885597587e-06
43546220158551.64,43446185784650.51
1.5346684616836318e-06,2.805482992499698e-06
41113374859508.06,45727786358546.086
1.5426811559346507e-06,2.806974157860528e-06
38562523058617.805,47878135821974.48
1.5509141733138955e-06,2.8087388701737164e-06
35900900454195.19,49890955394825.69
1.5593524210931958e-06,2.810788788167132e-06
33136095144867.88,51760383474349.73
1.5679801575323322e-06,2.8131346977568504e-06
30276021529941.723,53480997277200.87
1.5767810468064763e-06,2.8157864727089787e-06
27328892693795.047,55047832617301.99
1.5857382166337e-06,2.818753039256348e-06
24303191432771.797,56456401695341.09
1.5948343182638158e-06,2.8220423448848806e-06
21207640094879.66,57702708791900.56
1.6040515884701295e-06,2.825661331469701e-06
18051169412493.773,58783263773684.89
1.6133719131701689e-06,2.829615912904323e-06
14842886516067.91,59695093340787.63
1.6227768922903171e-06,2.8339109573280435e-06
11592042322453.047,60435749962139.43
1.632247905482665e-06,2.838550274017636e-06
8307998494750.898,61003318465908.414
1.641766178300332e-06,2.84353660497014e-06
5000194171664.558,61396420271381.12
1.6513128484399733e-06,2.8488716211645876e-06
1678112663070.8203,61614215268435.87
1.6608690316670391e-06,2.854555923452481e-06
-1648751694906.8188,61656401369841.75
1.6704158870503945e-06,2.860589047990266e-06
-4970926337595.107,61523211779999.67
1.6799346811478466e-06,2.866969476092458e-06
-8278992742021.287,61215410041134.61
1.6894068508026337e-06,2.873694648351892e-06
-11563617998803.059,60734282934123.75
1.6988140642325964e-06,2.8807609828442218e-06
-14815585525657.938,60081631325908.22
1.7081382801181365e-06,2.888163897207547e-06
-18025824774773.99,59259759068625.016
1.7173618044217201e-06,2.895897834365199e-06
-21185439799678.605,58271460067085.22
1.7264673447000776e-06,2.903956291640419e-06
-24285736561523.32,57120003640926.06
1.7354380616999328e-06,2.9123318529960286e-06
-27318248869621.316,55809118315626.79
1.744257618058542e-06,2.9210162241202372e-06
-30274762866383.945,54342974182585.266
1.7529102239610752e-06,2.930000270071441e-06
-33147339982263.81,52726163972623.164
1.761380679637479e-06,2.9392740551901224e-06
-35928338301698.445,50963682989670.83
1.7696544146114909e-06,2.9488268849846256e-06
-38610432296149.72,49060908052057.05
1.7777175236435704e-06,2.9586473496994337e-06
-41186630894958.82,47023575587894.805
1.785556799337313e-06,2.9687233692793926e-06
-43650293878716.68,44857759028634.12
1.7931597614051486e-06,2.979042239450818e-06
-45995146593039.05,42569845641084.65
1.8005146826135486e-06,2.989590678650303e-06
-48215292992914.195,40166512933243.46
1.8076106114503879e-06,3.0003548755440006e-06
-50305227039063.55,37654704763254.52
1.8144373915773814e-06,3.0113205368938424e-06
-52259842477950.05,35041607273936.992
1.8209856781485568e-06,3.0224729355423167e-06
-54074441046138.67,32334624767710.14
1.8272469510914753e-06,3.0337969583036506e-06
-55744739147632.05,29541355628572.65
1.8332135254613629e-06,3.0452771535663227e-06
-57266873059567.31,26669568389214.727
1.8388785589894933e-06,3.0568977784294204e-06
-58637402727280.8,23727178032498.5
1.8442360569561325e-06,3.068642845213194e-06
-59853314214254.58,20722222607569.16
1.8492808745251864e-06,3.0804961672020277e-06
-60912020875896.414,17662840231880.65
1.8540087166825165e-06,3.092441403495693e-06
-61811363328526.79,14557246541545.648
1.8584161359228088e-06,3.1044621028619996e-06
-62549608286417.19,11413712643749.266
1.862500527831056e-06,3.116541746500621e-06
-63125446340313.11,8240543616583.791
1.8662601247042825e-06,3.1286637896438433e-06
-63537988750659.09,5046057593641.102
1.8696939873572632e-06,3.140811701935081e-06
-63786763327799.555,1838565463099.0059
1.8728019952528254e-06,3.1529690065402047e-06
-63871709469837.734,-1373648796093.9
1.8755848350930244e-06,3.165119317959903e-06
-63793172426675.71,-4582347124957.152
1.8780439880022135e-06,3.177246378523416e-06
-63551896856108.03,-7779355732259.148
1.8801817154269326e-06,3.189334093555028e-06
-63149019734776.09,-10956582775005.701
1.8820010438707567e-06,3.2013665652146243e-06
-62586062683381.34,-14106035372294.244
1.8835057485749202e-06,3.2133281250224384e-06
-61864923761870.68,-17219835957626.086
1.8847003362477776e-06,3.2252033650858475e-06
-60987868786410.2,-20290237978651.754
1.8855900269381053e-06,3.236977168052706e-06
-59957522215912.17,-23309640956665.57
1.8861807351389915e-06,3.248634735821317e-06
-58776857651728.11,-26270604920980.156
1.8864790502006978e-06,3.2601616170417203e-06
-57449187989917.19,-29165864235617.68
1.8864922161224994e-06,3.2715437334465995e-06
-55978155261286.4,-31988340837573.457
1.8862281107851908e-06,3.282767405052798e-06
-54367720190217.09,-34731156907261.508
1.8856952246777566e-06,3.2938193742762555e-06
-52622151499175.15,-37387646992665.22
1.884902639163706e-06,3.3046868290041596e-06
-50746014981780.02,-39951369609213.75
1.883860004324811e-06,3.315357424668333e-06
-48744162363407.35,-42416118337511.42
1.88257751641252e-06,3.3258193053633386e-06
-46621719964544.02,-44775932440787.695
1.8810658949301737e-06,3.336061124051612e-06
-44384077178523.62,-47025107023333.7
1.8793363593623705e-06,3.3460720618960798e-06
-42036874771861.234,-49158202750271.15
1.877400605561443e-06,3.355841846758321e-06
-39585993012195.28,-51170055147783.5
1.8752707817950373e-06,3.3653607708973516e-06
-37037539625843.34,-53055783501449.266
1.8729594644532594e-06,3.374619707900651e-06
-34397837584201.246,-54810799368573.53
1.8704796334087997e-06,3.383610128875117e-06
-31673412715670.344,-56430814718436.41
1.8678446470188622e-06,3.392324117921271e-06
-28870981137497.5,-57911849712184.34
1.865068216753659e-06,3.4007543869092776e-06
-25997436499864.79,-59250240131700.45
1.8621643814326782e-06,3.4088942895702484e-06
-23059837032781.29,-60442644464220.1
1.8591474810469242e-06,3.41673783491084e-06
-20065392384816.312,-61486050646725.11
1.8560321301428802e-06,3.4242796999534505e-06
-17021450241481.879,-62377782471270.62
1.8528331907420733e-06,3.4315152417983178e-06
-13935482710131.77,-63115505649389.27
1.8495657447688464e-06,3.438440508997626e-06
-10815072457605.33,-63697233530595.51
1.8462450659583e-06,3.445052252225316e-06
-7667898586516.949,-64121332466795.01
1.8428865912163448e-06,3.4513479342197486e-06
-4501722236087.854,-64386526811110.375
1.839505891404477e-06,3.457325738969705e-06
-1324371893746.9473,-64491903536282.234
1.8361186415232214e-06,3.4629845801074653e-06
1856271595596.419,-64436916454417.58
1.8327405902702504e-06,3.46832410846595e-06
5032290334670.924,-64221390016456.48
1.8293875289519777e-06,3.4733447187501574e-06
8195745004012.811,-63845522666339.875
1.8260752597309694e-06,3.478047555266485e-06
11338690826062.344,-63309889721512.445
1.822819563195848e-06,3.482434516646988e-06
14453193869888.195,-62615445748115.85
1.8196361652454798e-06,3.4865082594993225e-06
17531347700665.785,-61763526396052.12
1.8165407032851717e-06,3.4902722009070688e-06
20565290375053.156,-60755849656060.72
1.8135486917393575e-06,3.493730519699465e-06
23547221780212.766,-59594516498095.48
1.810675486892829e-06,3.4968881564043208e-06
26469421310417.35,-58282010847651.29
1.8079362510809702e-06,3.4997508117931777e-06
29324265870953.844,-56821198854321.766
1.805345916258671e-06,3.5023249439236995e-06
32104248194406.58,-55215327404815.75
1.802919146987597e-06,3.5046177635809202e-06
34801995449370.082,-53468021830975.32
1.8006703028922645e-06,3.5066372280164646e-06
37410288116228.15,-51583282762073.94
1.798613400646853e-06,3.508392032883294e-06
39922079098862.59,-49565482069887.055
1.7967620755668224e-06,3.5098916022630277e-06
42330513035051.016,-47419357854776.17
1.7951295428921366e-06,3.5111460766835683e-06
44628945761915.79,-45150008421368.09
1.7937285588620986e-06,3.5121662990267335e-06
46810963886142.16,-42762885193402.24
1.7925713816954107e-06,3.512963798228966e-06
48870404401846.58,-40263784519014.74
1.7916697326029204e-06,3.5135507706830783e-06
50801374292011.79,-37658838320182.63
1.7910347569744728e-06,3.513940059255472e-06
52598270042386.74,-34954503543312.133
1.7906769858951937e-06,3.5141451298414506e-06
54255796989760.98,-32157550372064.977
1.7906062981601757e-06,3.51418004539117e-06
55768988419658.55,-29275049168510.605
1.790831882969749e-06,3.5140594373505222e-06
57133224321858.04,-26314356114595.445
1.7913622035000481e-06,3.5137984744748165e-06
58344249705844.6,-23283097532747.8
1.792204961555208e-06,3.5134128289885553e-06
59398192372455.21,-20189152872189.523
1.793367063518e-06,3.512918640081822e-06
60291580032714.8,-17040636356190.082
1.7948545878247681e-06,3.512332474752794e-06
61021356660306.64,-13845877295045.215
1.7966727541979164e-06,3.511671286026545e-06
61584897960407.234,-10613399079943.178
1.7988258948746504e-06,3.5109523686024627e-06
61980025834873.88,-7351896884029.766
1.801317428073946e-06,3.5101933120061437e-06
62205021722130.234,-4070214108812.0225
1.8041498339445532e-06,3.5094119513462997e-06
62258638689672.18,-777317626442.2988
1.8073246332350465e-06,3.5086263158027437e-06
62140112158025.62,2517728118728.747
1.8108423689222635e-06,3.5078545749976905e-06
61849169137327.38,5805788072797.357
1.814702591026827e-06,3.5071149834289918e-06
61386035861552.984,9077684509342.338
1.8189038448336393e-06,3.506425823170236e-06
60751443710842.03,12324225837821.518
1.8234436627212403e-06,3.5058053450684354e-06
59946633319412.86,15536236167328.674
1.8283185597866806e-06,3.505271708694909e-06
58973356775223.84,18704585497200.832
1.833524033432128e-06,3.504842921328497e-06
57833877827813.55,21820220394134.375
1.839054567055882e-06,3.5045367762719976e-06
56530970032586.914,24874195004536.05
1.8449036379639915e-06,3.504370790822218e-06
55067912773129.28,27857702241021.133
1.851063729589469e-06,3.5043621442309297e-06
53448485117810.4,30762104973488.43
1.8575263480744738e-06,3.5045276160078155e-06
51676957482839.86,33578967048251.46
1.8642820432371407e-06,3.5048835249269243e-06
49758081090874.7,36300083953470.29
1.8713204339093878e-06,3.5054456691048304e-06
47697075232051.76,38917512945769.46
1.8786302375954932e-06,3.5062292675213682e-06
45499612352686.75,41423602451577.055
1.8861993043640205e-06,3.5072489033523213e-06
43171801015593.2,43811020557477.56
1.8940146548483202e-06,3.5085184694776067e-06
40720166794752.86,46072782406800.83
1.902062522193912e-06,3.5100511165183073e-06
38151631185630.88,48202276324794.14
1.9103283977551487e-06,3.51185920374138e-06
35473488630483.48,50193288502027.06
1.9187970803092277e-06,3.5139542531521315e-06
32693381775264.312,52040026075097.96
1.9274527285234374e-06,3.516346907071808e-06
29819275090919.676,53737138455144.46
1.9362789163819858e-06,3.5190468894712005e-06
26859427006706.496,55279736767963.45
1.9452586912523942e-06,3.5220629713013245e-06
23822360716429.96,56663411284537.25
1.9543746342486224e-06,3.5254029400295193e-06
20716833829964.477,57884246737224.16
1.9636089225292153e-06,3.529073573554111e-06
17551807051912.781,58938835434558.29
1.9729433931541002e-06,3.5330806186337186e-06
14336412076630.371,59824288106243.54
1.9823596081134112e-06,3.5374287739288808e-06
11079918893994.62,60538242429233.56
1.9918389201360054e-06,3.5421216777145478e-06
7791702703172.16,61078869205463.99
2.001362538884177e-06,3.547161900282714e-06
4481210632220.289,61444876181543.8
2.0109115971444108e-06,3.5525509410156742e-06
1157928459678.5483,61635509520221.17
2.0204672166317193e-06,3.558289230072604e-06
-2168652469562.3271,61650552952428.11
2.0300105730369295e-06,3.564376134595986e-06
-5489067947773.481,61490324656906.3
2.0395229599619568e-06,3.570809969310255e-06
-8793913048818.71,61155671931577.305
2.048985851407245e-06,3.5775880113534115e-06
-12073873544665.914,60647963736721.97
2.058380962497785e-06,3.5847065191536126e-06
-15319756436315.809,59969081204488.72
2.0676903081589666e-06,3.5921607551371644e-06
-18522519453979.547,59121406222104.41
2.076896259480535e-06,3.599945012032208e-06
-21673299394914.777,58107808207295.88
2.0859815975355854e-06,3.608052642513819e-06
-24763439181743.414,56931629203765.65
2.0949295644513666e-06,3.6164760919213383e-06
-27784513539075.176,55596667432056.2
2.1037239115591844e-06,3.625206933767538e-06
-30728353201603.72,54107159436776.86
2.1123489444814173e-06,3.6342359077516445e-06
-33587067582289.816,52467760974978.484
2.120789565044152e-06,3.64355295998418e-06
-36353065844575.6,50683526792501.695
2.129031309933783e-06,3.6531472851308964e-06
-39019076337578.56,48759889435474.65
2.1370603860447576e-06,3.6630073701855084e-06
-41578164367707.55,46702637242904.125
2.144863702493125e-06,3.6731210395863075e-06
-44023748293961.48,44517891663613.18
2.1524288992964148e-06,3.6834755013996873e-06
-46349613947174.805,42212084036770.336
2.1597443727443843e-06,3.694057394303922e-06
-48549927385546.37,39791931970080.734
2.166799297507153e-06,3.7048528351188277e-06
-50619246009840.195,37264415443526.54
2.1735836455470635e-06,3.7158474666409194e-06
-52552528071611.0,34636752759513.14
2.1800882019181773e-06,3.7270265055590375e-06
-54345140616641.414,31916376452560.47
2.1863045775525993e-06,3.738374790241805e-06
-55992865913460.8,29110909263431.242
2.1922252191458083e-06,3.7498768282054488e-06
-57491906423345.45,26228140273961.97
2.197843416263902e-06,3.761516843088139e-06
-58838888373594.42,23276001289999.66
2.2031533058041996e-06,3.7732788209748364e-06
-60030864000165.28,20262543550880.367
2.208149873947074e-06,3.785146555934441e-06
-61065312528986.84,17195914834935.217
2.212828955741317e-06,3.7971036946485863e-06
-61940139967495.87,14084337021684.277
2.217187232467922e-06,3.8091337800285486e-06
-62653677779239.05,10936084162773.707
2.2212222269280215e-06,3.821220293733235e-06
-63204680514810.18,7759461105409.929
2.2249322967999844e-06,3.833346697516998e-06
-63592322472032.195,4562782704115.53
2.228316626208577e-06,3.845496473350949e-06
-63816193457222.88,1354353649132.5615
2.231375215645677e-06,3.857653162275373e-06
-63876293717681.3,-1857551067224.8345
2.2341088703775668e-06,3.8698004019538665e-06
-63773028113277.76,-5064705031480.619
2.236519187468393e-06,3.881921962911654e-06
-63507199592301.39,-8258948628362.346
2.2386085415431637e-06,3.894001783451374e-06
-63080002033589.72,-11432206595245.898
2.240380069406765e-06,3.906024003249333e-06
-62493012513505.82,-14576504913179.312
2.2418376536280846e-06,3.917972995643777e-06
-61748183052606.58,-17683987040305.9
2.2429859051905222e-06,3.929833398634285e-06
-60847831892923.06,-20746929497278.23
2.243830145302083e-06,3.941590144617771e-06
-59794634352708.16,-23757756817488.1
2.244376386449979e-06,3.95322848889202e-06
-58591613301349.555,-26709055877648.785
2.244631312776312e-06,3.9647340369620225e-06
-57242129292945.945,-29593589626473.848
2.2446022598430548e-06,3.97609277068786e-06
-55749870392842.5,-32404310230922.223
2.2442971938462542e-06,3.987291073315368e-06
-54118841727257.414,-35134371660745.566
2.243724690331259e-06,3.9983157534324825e-06
-52353354782037.05,-37777141732905.0
2.242893912452803e-06,4.009154067894997e-06
-50458016472583.01,-40326213637844.984
2.2418145888161017e-06,4.019793743765541e-06
-48437718003126.086,-42775416969646.87
2.2404969909277076e-06,4.03022299930892e-06
-46297623529801.62,-45118828281758.62
2.2389519102778136e-06,4.0404305640856755e-06
-44043158638428.0,-47350781189333.67
2.237190635068983e-06,4.050405698183729e-06
-41679998644522.2,-49465876038234.82
2.235224926599992e-06,4.0601382106254955e-06
-39214056719917.34,-51458989159490.24
2.2330669953075865e-06,4.069618476984768e-06
-36651471847391.57,-53325281726449.95
2.2307294764635226e-06,4.078837456244122e-06
-33998596601985.766,-55060208230102.266
2.2282254055192963e-06,4.087786706919574e-06
-31261984755191.055,-56659524585990.86
2.2255681930864855e-06,4.0964584024747875e-06
-28448378695935.547,-58119295883942.05
2.2227715995366603e-06,4.104845346042306e-06
-25564696660302.836,-59435903789386.63
2.219849709201368e-06,4.112940984464096e-06
-22618019760181.83,-60606053602458.62
2.216816904149795e-06,4.120739421658214e-06
-19615578799587.867,-61626780978290.35
2.2136878375193717e-06,4.1282354313126195e-06
-16564740866218.662,-62495458309017.38
2.2104774063728265e-06,4.135424468901104e-06
-13472995684924.805,-63209800764972.83
2.2072007240540368e-06,4.142302683010094e-06
-10347941719194.39,-63767871989407.43
2.203873092014506e-06,4.148866925958606e-06
-7197272006484.965,-64168089437835.47
2.2005099710823996e-06,4.1551147636870866e-06
-4028759713295.079,-64409229349796.875
2.197126952146872e-06,4.161044484884143e-06
-850243396263.6367,-64490431337462.305
2.193739726231892e-06,4.1666551093134504e-06
2330388043670.2324,-64411202572111.984
2.1903640539359673e-06,4.171946395296331e-06
5505210725908.92,-64171421546114.4
2.1870157342171234e-06,4.176918846298753e-06
8666281484024.648,-63771341384642.95
2.1837105725061697e-06,4.181573716564881e-06
11805653897298.756,-63211592678025.88
2.180464348135789e-06,4.185913015732766e-06
14915394666242.357,-62493185802357.4
2.177292781078262e-06,4.189939512361527e-06
17987600335712.28,-61617512692840.79
2.1742114979907295e-06,4.193656736293358e-06
21014414366170.152,-60586348031323.16
2.171235997573838e-06,4.197068979768087e-06
23988044550152.08,-59401849806657.39
2.168381615257337e-06,4.200181297202857e-06
26900780767119.977,-58066559203932.78
2.165663487234798e-06,4.202999503544881e-06
29745013065554.83,-56583399776297.99
2.1630965138789886e-06,4.205530171101269e-06
32513250056433.5,-54955675851108.695
2.160695322579621e-06,4.207780624746715e-06
35198137597115.27,-53187070120518.89
2.1584742300561236e-06,4.209758935407482e-06
37792477739169.36,-51281640365454.664
2.1564472042097185e-06,4.211473911718745e-06
40289247907823.63,-49243815261218.34
2.154627825591369e-06,4.2129350897520836e-06
42681620274539.47,-47078389212827.01
2.15302924857502e-06,4.214152720710805e-06
44962981277755.875,-44790516168650.22
2.1516641623388724e-06,4.2151377564930365e-06
47126951240147.02,-42385702362034.72
2.150544751771122e-06,4.21590183302617e-06
49167404023856.625,-39869797932443.92
2.1496826584305065e-06,4.216457251281445e-06
51078486658177.41,-37248987380249.625
2.149088941705987e-06,4.216816955884257e-06
52854638867110.35,-34529778812739.844
2.1487740403338033e-06,4.2169945112443145e-06
54490612417252.086,-31718991943191.207
2.14874773444373e-06,4.217004075140048e-06
55981490199615.94,-28823744810030.613
2.1490191083194974e-06,4.216860369703808e-06
57322704952396.805,-25851439189201.797
2.149596514070731e-06,4.216578649768338e-06
58510057525455.875,-22809744679870.61
2.1504875364252128e-06,4.21617466855079e-06
59539734581547.57,-19706581451546.492
2.151698958860495e-06,4.215664640668209e-06
60408325624164.85,-16550101649550.209
2.1532367313026816e-06,4.215065202497695e-06
61112839237468.93,-13348669465486.176
2.155105939627223e-06,4.214393369915503e-06
61650718420227.516,-10110839889930.021
2.157310777201644e-06,4.2136664934717816e-06
62019854893142.35,-6845336175847.311
2.1598545187129284e-06,4.212902211081478e-06
62218602257528.33,-3561026053226.679
2.1627394965226483e-06,4.2121183983368285e-06
62245787883133.375,-266896747928.05957
2.1659670797905547e-06,4.211333116572576e-06
62100723404069.516,3027971129317.833
2.169537656602132e-06,4.210564558841327e-06
61783213704457.125,6314430744621.07
2.1734506193273305e-06,4.209830993982897e-06
61293564279544.914,9583297160920.395
2.177704353426266e-06,4.20915070899776e-06
60632586863814.766,12825376310607.135
2.182296229903021e-06,4.2085419499604075e-06
59801603224947.52,16031494702231.95
2.1872226015907993e-06,4.2080228617331045e-06
58802447031518.65,19192529730332.645
2.1924788034306015e-06,4.207611426763757e-06
57637463712889.17,22299440445735.906
2.198059156881444e-06,4.207325403272988e-06
56309508241901.8,25343298632944.633
2.20395697857307e-06,4.207182263154564e-06
54821940784597.766,28315320031644.34
2.210164593282389e-06,4.207199129929621e-06
53178620176115.53,31206895531157.875
2.2166733512827814e-06,4.207392717108353e-06
51383895198064.28,34009622160045.336
2.2234736500813295e-06,4.207779267322513e-06
49442593649798.96,36715333688164.73
2.2305549605234024e-06,4.208374492598005e-06
47360009223944.37,39316130655534.016
2.23790585720727e-06,4.209193516138721e-06
45141886214985.36,41804409641392.76
2.2455140531141237e-06,4.2102508159904205e-06
42794402108497.04,44172891588044.484
2.2533664383215497e-06,4.211560170946752e-06
40324148117356.83,46414648997424.83
2.261449122631723e-06,4.213134609048482e-06
37738107749772.7,48523131823900.48
2.2697474819099233e-06,4.214986359011582e-06
35043633511888.227,50492191894533.484
2.2782462078950335e-06,4.217126804900324e-06
32248421864798.21,52316105697875.5
2.286929361211951e-06,4.219566444337974e-06
29360486571751.742,53989595394174.766
2.2957804272869154e-06,4.222314850520558e-06
26388130585871.492,55507847913533.75
2.304782374841034e-06,4.225380638268715e-06
23339916641643.11,56866532023856.82
2.3139177166152435e-06,4.2287714343193894e-06
20224636724518.293,58061813267152.445
2.3231685719618674e-06,4.2324938520235304e-06
17051280602056.943,59090366680650.92
2.3325167309241375e-06,4.236553470578568e-06
13829003606973.07,59949387237992.336
2.341943719415687e-06,4.240954818885862e-06
10567093867153.422,60636597965139.51
2.351430865107209e-06,4.2457013640841164e-06
7274939180137.961,61150255705377.95
2.3609593636272127e-06,4.250795504770551e-06
3961993729682.7505,61489154527477.02
2.370510344688024e-06,4.256238568882972e-06
637744839907.3945,61652626790507.805
2.3800649377567054e-06,4.262030816178438e-06
-2688320041758.3247,61640541897658.78
2.389604336903171e-06,4.268171445208366e-06
-6006745947951.01,61453302789393.95
2.399109864474152e-06,4.2746586046563e-06
-9308142404428.006,61091840243217.3
2.40856303326144e-06,4.281489408873484e-06
-12583214686096.992,60557605062928.336
2.417945606855598e-06,4.288659957419247e-06
-15822794160762.596,59852558254394.61
2.42723965790163e-06,4.296165358388336e-06
-19017867578049.684,58979159297380.9
2.436427624000443e-06,4.303999755285882e-06
-22159605174713.676,57940352633752.55
2.445492361028851e-06,4.312156357192845e-06
-25239387482084.1,56739552501337.5
2.454417193680854e-06,4.320627471950638e-06
-28248830736460.54,55380626249852.42
2.4631859630634796e-06,4.329404542083128e-06
-31179810808646.133,53867876280570.89
2.4717830712111627e-06,4.338478183167341e-06
-34024485584229.145,52206020754867.68
2.4801935224129976e-06,4.347838224360818e-06
-36775315741487.31,50400173218473.484
2.488402961276834e-06,4.357473750793508e-06
-39425083888690.89,48455821288307.02
2.496397707482742e-06,4.367373147535107e-06
-41966912036936.21,46378804547226.06
2.5041647872055304e-06,4.37752414485464e-06
-44394277398293.62,44175291789084.5
2.511691961211475e-06,4.38791386449751e-06
-46701026511866.49,41851757752241.12
2.51896774965803e-06,4.398528866715943e-06
-48881387712221.85,39414959474290.6
2.525981453646813e-06,4.409355197801362e-06
-50929981965482.17,36871912394436.625
2.5327231735995303e-06,4.420378437881512e-06
-52841832108101.17,34229866322762.094
2.5391838245436045e-06,4.431583748760677e-06
-54612370531945.2,31496281387832.188
2.545355148409078e-06,4.442955921597892e-06
-56237445366749.25,28678804065747.848
2.5512297234509025e-06,4.454479424235291e-06
-57713325217315.336,25785243385099.664
2.5568009709209943e-06,4.46613844800638e-06
-59036702517990.85,22823547393395.156
2.562063159122558e-06,4.477916953871858e-06
-60204695571040.32,19801779961575.926
2.567011404985191e-06,4.489798717748312e-06
-61214849338553.9,16728097994323.395
2.5716416733033563e-06,4.50176737491261e-06
-62065135059578.12,13610729105078.379
2.5759507737830354e-06,4.513806463381741e-06
-62753948765274.9,10457949806163.535
2.5799363560419085e-06,4.5258994661842505e-06
-63280108765186.73,7278064256178.372
2.5835969027074213e-06,4.538029852454965e-06
-63642852177184.98,4079383599001.2515
2.586931720754719e-06,4.55018111729943e-06
-63841830572483.85,870205921336.2104
2.589940931222825e-06,4.562336820388239e-06
-63877104805293.18,-2341203151172.436
2.592625457442784e-06,4.574480623254155e-06
-63749139094338.26,-5546629205635.682
2.594987011905906e-06,4.5865963252766015e-06
-63458794420670.09,-8737927133668.336
2.5970280818939065e-06,4.598667898348653e-06
-63007321302999.02,-11907038560748.49
2.598751913985755e-06,4.610679520231156e-06
-62396352008278.1,-15046008615506.344
2.6001624975485838e-06,4.6226156066069386e-06
-61627892251506.12,-18147002045467.83
2.601264547312152e-06,4.634460841855387e-06
-60704312434774.22,-21202318689439.336
2.6020634851182513e-06,4.646200208573857e-06
-59628338471501.555,-24204408319846.785
2.602565420928159e-06,4.657819015877594e-06
-58403042237644.97,-27145884870951.56
2.602777133162914e-06,4.669302926514032e-06
-57031831687472.28,-30019540070976.312
2.6027060484428386e-06,4.680637982830588e-06
-55518440667299.42,-32818356497807.36
2.6023602207844986e-06,4.691810631637408e-06
-53866918456445.55,-35535520079119.88
2.6017483103051908e-06,4.702807748008029e-06
-52081619060590.24,-38164432058522.23
2.6008795614771614e-06,4.713616658061591e-06
-50167190278751.31,-40698720449660.21
2.599763780966131e-06,4.724225160770178e-06
-48128562561265.71,-43132251000186.766
2.5984113150813677e-06,4.734621548834058e-06
-45970937672471.695,-45459137687110.44
2.5968330268575713e-06,4.744794628666202e-06
-43699777168276.31,-47673752764312.03
2.595040272782198e-06,4.7547337395253435e-06
-41320790695465.24,-49770736381985.54
2.5930448791756575e-06,4.764428771834279e-06
-38839924116486.47,-51745005796438.39
2.5908591182260047e-06,4.7738701847168935e-06
-36263347460528.125,-53591764187099.54
2.5884956836744246e-06,4.78304902278379e-06
-33597442699025.566,-55306509095750.59
2.5859676661429247e-06,4.791956932192292e-06
-30848791341283.88,-56885040500935.375
2.583288528091278e-06,4.8005861760020685e-06
-28024161843699.797,-58323468538234.35
2.5804720783863832e-06,4.80892964884275e-06
-25130496824120.594,-59618220874630.664
2.577532446463866e-06,4.816980890904651e-06
-22174900071196.594,-60766049742559.984
2.5744840560589512e-06,4.824734101258177e-06
-19164623337178.145,-61764038636444.8
2.571341598481409e-06,4.8321841505016514e-06
-16107052901486.49,-62609608671580.76
2.568120005407717e-06,4.839326592731213e-06
-13009695891561.707,-63300524602185.336
2.5648344211625717e-06,4.84615767682015e-06
-9880166346969.654,-63834900492254.37
2.5615001744614495e-06,4.852674356988556e-06
-6726171012545.121,-64211205029617.91
2.5581327495861767e-06,4.858874302637587e-06
-3555494846471.2275,-64428266470262.09
2.5547477569663823e-06,4.864755907415879e-06
-375986229657.3701,-64485277196608.49
2.5513609031413257e-06,4.8703182974789204e-06
2804458136408.358,-64381797870038.84
2.547987960078936e-06,4.875561338895392e-06
5977908654979.525,-64117761154545.086
2.5446447338319775e-06,4.880485644147752e-06
9136418592639.99,-63693474984997.76
2.541347032515122e-06,4.885092577667709e-06
12272040179318.574,-63109625350189.914
2.5381106335913385e-06,4.889384260340756e-06
15376841055553.734,-62367278557559.11
2.534951250461467e-06,4.893363572907687e-06
18442921070093.58,-61467882943352.03
2.531884498357104e-06,4.897034158185095e-06
21462429427766.42,-60413269989012.164
2.5289258595440217e-06,4.900400422021282e-06
24427582183991.01,-59205654801781.55
2.526090647851264e-06,4.903467532898978e-06
27330680078312.613,-57847635914957.266
2.5233939725498133e-06,4.9062414200917045e-06
30164126694953.645,-56342194360978.99
2.520850701614268e-06,4.9087287702768435e-06
32920446933562.914,-54692691968595.91
2.5184754244113267e-06,4.910937022505369e-06
35592305768147.96,-52902868833822.71
2.516282413869956e-06,4.9128743614260394e-06
38172527266598.93,-50976839913300.16
2.51428558819991e-06,4.914549708660671e-06
40654113837284.94,-48919090688082.61
2.512498472237695e-06,4.915972712227042e-06
43030265662957.76,-46734471845841.34
2.5109341585120513e-06,4.917153733907134e-06
45294400275673.516,-44428192930055.66
2.5096052681344497e-06,4.9181038344609194e-06
47440172219690.55,-42005814906021.32
2.5085239116338693e-06,4.9188347565898675e-06
49461492742379.7,-39473241595492.625
2.5077016498690982e-06,4.919358905559825e-06
51352549446160.125,-36836709934541.36
2.5071494551658046e-06,4.9196893274000905e-06
53107825827428.086,-34102779012810.375
2.5068776728395117e-06,4.919839684604377e-06
54722120621465.945,-31278317856800.805
2.506895983279174e-06,4.9198242292699956e-06
56190566865501.164,-28370491925191.754
2.5072133647790697e-06,4.919657773624126e-06
57508650585537.766,-25386748290471.344
2.507838057318984e-06,4.91935565790033e-06
58672229006419.555,-22334799488367.41
2.5087775275039142e-06,4.918933715544687e-06
59677548178927.39,-19222606024700.93
2.5100384348845103e-06,4.918408235748875e-06
60521259912689.09,-16058357538325.342
2.5116265998879504e-06,4.917795923327266e-06
61200437899420.3,-12850452628723.47
2.5135469735956304e-06,4.917113855976392e-06
61712592907649.61,-9607477367555.256
2.5158036096087147e-06,4.916379438977957e-06
62055686927742.17,-6338182524908.898
2.518399638244941e-06,4.9156103574306385e-06
62228146144847.36,-3051459553109.8477
2.5213372433099272e-06,4.914824526121014e-06
62228872617477.83,243684616429.68164
2.5246176416833183e-06,4.914040037169885e-06
62057254540885.12,3538153894819.7383
2.5282410659542885e-06,4.913275105616591e-06
61713174977324.5,6822790394007.166
2.5322067503320265e-06,4.912548013130393e-06
61197018939773.11,10088402726730.783
2.5365129200447547e-06,4.911877050064246e-06
60509678721734.01,13325795139871.309
2.5411567844255344e-06,4.911280456091793e-06
59652557373452.67,16525797360103.55
2.546134533864572e-06,4.910776359692911e-06
58627570234192.195,19679295018460.14
2.551441340786021e-06,4.910382716776043e-06
57437144441130.01,22777260508885.914
2.5570713647825237e-06,4.910117248746542e-06
56084216347890.08,25810784125321.324
2.563017762013087e-06,4.9099973803487944e-06
54572226799616.92,28771105312519.68
2.5692726989396623e-06,4.910040177625651e-06
52905114226702.414,31649643857885.57
2.575827370445245e-06,4.9102622863512426e-06
51087305535634.3,34438030845315.31
2.5826720223418814e-06,4.910679871302228e-06
49123704792754.31,37128139187499.27
2.589795978241031e-06,4.911308556737688e-06
47019679714774.695,39712113550560.79
2.597187670721828e-06,4.9121633684589185e-06
44781045998460.49,42182399484376.164
2.604834676695408e-06,4.913258677817178e-06
42414049540676.76,44531771573531.38
2.6127237568261783e-06,4.914608148029886e-06
39925346618745.19,46753360427670.195
2.620840898834293e-06,4.916224683153841e-06
37321982119465.97,48840678335982.766
2.629171364468217e-06,4.91812038004783e-06
34611365922947.312,50787643418738.2
2.637699739902692e-06,4.920306483636597e-06
31801247564261.11,52588602119000.414
2.6464099892862144e-06,4.922793345763939e-06
28899689311634.62,54238349889863.95
2.6552855111337824e-06,4.925590387894788e-06
25915037814138.65,55732149946545.63
2.664309197235659e-06,4.928706067895166e-06
22855894484411.008,57065749968270.66
2.6734634937316005e-06,4.932147851085076e-06
19731084792659.715,58235396651869.99
2.68273046398276e-06,4.93592218572344e-06
16549626656857.2,59237848037101.266
2.692091852860544e-06,4.940034483046512e-06
13320698120539.523,60070383542640.336
2.7015291520632405e-06,4.944489101942452e-06
10053604513878.914,60730811671172.125
2.711023666067318e-06,4.949289338305509e-06
6757745295664.152,61217475361736.45
2.720556578320939e-06,4.954437419074137e-06
3442580773505.847,61529254987156.6
2.730109017292298e-06,4.95993450091893e-06
117598897030.02197,61665569013700.83
2.739662121994749e-06,4.96578067350908e-06
-3207717685877.332,61626372358818.35
2.7491971066240623e-06,4.971974967250684e-06
-6523924126432.957,61412152500590.6
2.758695323960202e-06,4.978515365357033e-06
-9821645251164.646,61023923409207.99
2.768138327206413e-06,4.985398820080554e-06
-13091606652453.035,60463217386115.41
2.777507929961686e-06,4.9926212729085575e-06
-16324664840600.178,59732074910290.93
2.786786264048385e-06,5.000177678500766e-06
-19511836317548.77,58833032603293.07
2.7959558349444977e-06,5.0080620321258325e-06
-22644325446289.027,57769109435129.31
2.8049995745991024e-06,5.016267400337017e-06
-25713551004638.062,56543791301597.47
2.8139008914397492e-06,5.024785954613694e-06
-28711171327211.492,55161014110502.266
2.822643717411045e-06,5.033609007685667e-06
-31629107954787.05,53625145519057.664
2.8312125519143475e-06,5.042727052251031e-06
-34459567725653.92,51940965467888.73
2.8395925025486893e-06,5.052129801795669e-06
-37195063258732.64,50113645658412.06
2.8477693225824766e-06,5.061806233222974e-06
-39828431793040.86,48148728120093.24
2.8557294451137667e-06,5.071744631006029e-06
-42352852362292.7,46052103012267.42
2.8634600139037485e-06,5.081932632580846e-06
-44761861296899.89,43829985801996.99
2.870948910893145e-06,5.092357274708167e-06
-47049366058261.46,41488893954972.41
2.8781847804344327e-06,5.10300504054239e-06
-49209657421881.02,39035623270893.266
2.8851570502938685e-06,5.113861907159145e-06
-51237420036455.01,36477223988255.63
2.8918559494962097e-06,5.124913393307555e-06
-53127741395576.67,33820976776179.04
2.8982725231016463e-06,5.1361446071689335e-06
-54876119267064.01,31074368722991.85
2.9043986440188162e-06,5.147540293920384e-06
-56478467632132.766,28245069422910.848
2.910227021969842e-06,5.159084882919036e-06
-57931121192704.57,25340907253447.387
2.915751209733165e-06,5.170762534340359e-06
-59230838510087.62,22369845927286.35
2.920965606797649e-06,5.182557185121764e-06
-60374803842131.516,19339961393442.508
2.925865460567037e-06,5.1944525940803645e-06
-61360627748788.266,16259419153617.729
2.9304468652575654e-06,5.206432386091132e-06
-62186346537868.24,13136452050964.336
2.9347067586333945e-06,5.218480095228479e-06
-62850420623730.984,9979338579994.988
2.9386429167247895e-06,5.23057920679053e-06
-63351731871768.6,6796381758244.876
2.942253946672684e-06,5.242713198140682e-06
-63689580000901.95,3595888592552.099
2.945539277840663e-06,5.2548655783156194e-06
-63863678114994.71,386150165529.1904
2.9484991513315878e-06,5.26701992636243e-06
-63874147432177.51,-2824577639006.5254
2.951134608041252e-06,5.279159928380012e-06
-63721511278641.09,-6028092759163.443
2.953447475375727e-06,5.291269413251378e-06
-63406688410580.21,-9216264919936.014
2.9554403527526014e-06,5.3033323870638175e-06
-62930985724720.98,-12381052938463.217
2.9571165959992488e-06,5.315333066223102e-06
-62296090414313.305,-15514521372699.008
2.958480300753729e-06,5.327255909276071e-06
-61504061623680.83,-18608856520702.855
2.959536284966029e-06,5.339085647463007e-06
-60557321650453.875,-21656381781309.926
2.9602900705892216e-06,5.3508073140272056e-06
-59458646740521.47,-24649572389961.867
2.960747864541843e-06,5.362406272314129e-06
-58211157516576.336,-27581069545987.355
2.96091653901445e-06,5.373868242696576e-06
-56818309076937.54,-30443693949636.2
2.9608036111850197e-06,5.38517932836531e-06
-55283880797159.586,-33230458768713.48
2.960417222399647e-06,5.396326040026824e-06
-53611965862810.2,-35934582055754.555
2.959766116866938e-06,5.40729531955121e-06
-51806960557753.734,-38549498637351.5
2.958859619906684e-06,5.418074562613657e-06
-49873553328340.79,-41068871497511.73
2.9577076157858254e-06,5.428651640372899e-06
-47816713640101.98,-43486602676824.22
2.9563205251674624e-06,5.4390149202289935e-06
-45641680639895.336,-45796843708752.51
2.9547092821917605e-06,5.449153285701304e-06
-43353951632982.195,-47994005613589.52
2.952885311201054e-06,5.45905615546534e-06
-40959270381220.31,-50072768469520.66
2.950860503115337e-06,5.4687135015844235e-06
-38463615225481.01,-52028090578869.47
2.948647191458607e-06,5.478115866968868e-06
-35873187032530.695,-53855217245966.086
2.9462581280313053e-06,5.487254382091641e-06
-33194396963978.56,-55549689181201.77
2.9437064582192954e-06,5.4961207809853045e-06
-30433854062491.17,-57107350543732.56
2.9410056959255613e-06,5.504707416540425e-06
-27598352648322.008,-58524356632988.875
2.9381696981070227e-06,5.513007275120704e-06
-24694859517308.1,-59797181236653.766
2.935212638895632e-06,5.521013990504761e-06
-21730500929857.645,-60922623640106.62
2.9321489832802237e-06,5.5287218571589e-06
-18712549379100.137,-61897815299508.41
2.9289934603234737e-06,5.5361258428393035e-06
-15648410125305.21,-62720226177745.664
2.9257610358867925e-06,5.543221600515963e-06
-12545607482907.314,-63387670739369.4
2.922466884835056e-06,5.550005479604334e-06
-9411770846012.002,-63898313597479.8
2.9191263626928004e-06,5.556474536484183e-06
-6254620438116.678,-64250674802235.89
2.9157549767238746e-06,5.562626544278454e-06
-3081952771965.838,-64443634757329.96
2.912368356407597e-06,5.568460001858254e-06
98374194009.90186,-64476438747380.516
2.908982223286223e-06,5.573974142033264e-06
3278456215338.5186,-64348701055786.945
2.9056123601610084e-06,5.579168938880108e-06
6450358248653.288,-64060408649178.336
2.9022745796173997e-06,5.584045114154478e-06
9606130276132.852,-63611924401204.52
2.8989846918638806e-06,5.588604142726173e-06
12737823475010.396,-63003989825089.03
2.8957584718738103e-06,5.592848256969814e-06
15837506737513.5,-62237727281123.02
2.8926116258252047e-06,5.596780450037731e-06
18897283543774.836,-61314641622162.016
2.88955975683984e-06,5.6004044779356926e-06
21909309187019.168,-60236621237231.164
2.8866183300303227e-06,5.603724860316657e-06
24865808346679.93,-59005938450592.07
2.883802636871871e-06,5.606746879902715e-06
27759093001028.887,-57625249231119.234
2.88112775892446e-06,5.609476580441047e-06
30581580666417.996,-56097592164625.14
2.8786085309407284e-06,5.6119207630959795e-06
33325812945342.066,-54426386639910.85
2.87625950340553e-06,5.614086981176324e-06
35984474360247.36,-52615430197857.04
2.874094904564289e-06,5.615983533095194e-06
38550411444354.68,-50668894991864.58
2.8721286020092367e-06,5.617619453458506e-06
41016652054762.28,-48591323307461.47
2.870374063905185e-06,5.6190045021785185e-06
43376424866778.52,-46387622088971.55
2.8688443199495785e-06,5.620149151510201e-06
45623179001848.664,-44063056421849.14
2.8675519221751115e-06,5.621064570910961e-06
47750603734636.71,-41623241920678.4
2.8665089057170244e-06,5.62176260962854e-06
49752648217862.09,-39074135974971.72
2.8657267496812354e-06,5.622255776927682e-06
51623541156442.85,-36422027807828.875
2.8652163382634733e-06,5.622557219873697e-06
53357810355442.59,-33673527306282.832
2.864987922283454e-06,5.622680698600231e-06
54950302059347.8,-30835552586797.945
2.8650510813116435e-06,5.622640558999628e-06
56396199993414.67,-27915316264931.605
2.865414686579059e-06,5.622451702787097e-06
57691044011329.58,-24920310404640.14
2.8660868648726826e-06,5.622129554904648e-06
58830748247340.12,-21858290130111.246
2.867074963630093e-06,5.621690028247304e-06
59811618665458.72,-18737255891330.89
2.8683855174566768e-06,5.621149485712452e-06
60630369893444.85,-15565434383819.39
2.870024216296929e-06,5.6205246995932785e-06
61284141225167.31,-12351258133058.68
2.871995875497693e-06,5.619832808358841e-06
61770511671765.65,-9103343765021.04
2.874304408005422e-06,5.619091270886489e-06
62087513939900.09,-5830468995819.732
2.8769527989414367e-06,5.618317818236618e-06
62233647214426.69,-2541548385734.189
2.8799430827984844e-06,5.617530403085103e-06
62207888623175.164,754392084403.6504
2.883276323498431e-06,5.616747146954788e-06
62009703263246.39,4048241543380.2305
2.886952597544516e-06,5.61598628541386e-06
61639052671473.25,7330831781950.98
2.8909709804920674e-06,5.615266111435427e-06
61096401626474.13,10592965729674.117
2.8953295369488692e-06,5.614604917138772e-06
60382723176120.336,13825446745382.807
2.9000253143004145e-06,5.6140209341581435e-06
59499501792260.61,17019108597679.383
2.905054340336091e-06,5.6135322729092e-06
58448734564192.09,20164845999656.44
2.910411624930004e-06,5.613156861045796e-06
57232930353601.56,23253645550683.973
2.916091165904765e-06,5.6129123814203596e-06
55855106846455.875,26276616927770.598
2.922085959178392e-06,5.61281620987919e-06
54318785451494.32,29225024159926.89
2.928388013263709e-06,5.612885353239126e-06
52627984010433.97,32090316811336.61
2.934988368156678e-06,5.613136387803952e-06
50787207301575.016,34864160893168.438
2.9418771186152766e-06,5.613585398787156e-06
48801435335989.07,37538469319707.02
2.9490434417943784e-06,5.614247921012004e-06
46676109463664.45,40105431722291.85
2.956475629164998e-06,5.615138881260133e-06
44417116325619.53,42557543434438.9
2.964161122608858e-06,5.616272542635798e-06
42030769706810.22,44887633463561.22
2.972086554542011e-06,5.617662451304489e-06
39523790363369.01,47088891268939.84
2.9802377918848147e-06,5.619321385951843e-06
36903283916030.96,49154892172024.234
