6
1.989e+30
4.867e+24
5.972e+24
5.972e+23
8.98e+26
5.683e+26
0.0,0.0
50702928780.87621,95358340028.7641
147758175753.03262,23402595970.01854
171319074710.5692,-148925399580.84518
-772697179052.7692,94875283840.90736
73598940904.64677,122489207270.33183
6641.764887469771,12175.488517190057
47988642775.34053,96705578534.86043
147311812632.56912,25937715990.47915
172675304743.54114,-147335917152.7208
-772833052381.1744,93755264537.6077
71316712946.98584,123803891502.78036
19701.82922400483,36664.20321969266
45236706078.43173,97976821816.70988
146821817171.69705,28465170308.960644
174016902530.362,-145733947715.1975
-772967302132.3596,92635048334.92044
69010252342.27481,125076509924.66068
38954.02707283854,73599.78384896215
42449243630.51091,99170974503.89569
146288314908.05225,30984206540.799614
175343752495.64178,-144119625469.58643
-773099928017.3301,91514637586.33202
66680330798.69088,126306608518.16086
64169.56591295368,123111.7163798392
39628413295.27375,100287000046.74017
145711444396.89377,33494074128.466652
176655740285.9812,-142493085697.41116
-773230929750.4835,90394034645.78021
64327728802.54547,127493747280.75916
95117.10182238632,185325.27846007815
36776404256.719185,101323921860.97864
145091357193.20703,35994024568.28861
177952752780.26114,-140854464749.44998
-773360307049.6102,89273241867.64914
61953235369.05476,128637500403.9916
131562.81591066025,260361.4861619073
33895435379.82864,102280824424.58215
144428217829.81262,38483311637.368515
179234678099.83685,-139203900034.6762
-773488059635.8922,88152261606.76408
59557647789.09118,129737456448.0354
173270.4919793823,348337.04207792756
30987753535.42002,103156854324.55075
143722203791.45892,40961191620.631424
180501405618.636,-137541530009.09802
-773614187233.9034,87031096218.3864
57141771371.98556,130793218512.01437
220001.59538912456,449364.2847933846
28055631889.67748,103951221251.75659
142973505484.87814,43426923537.92382
181752825973.1591,-135867494164.49815
-773738689571.6095,85909748058.20839
54706419184.45244,131804404399.93123
271515.35310981877,563551.1397665621
25101368158.9347,104663198942.16148
142182326204.787,45879769371.09285
182988831072.38174,-134181933017.07433
-773861566380.367,84788219482.34813
52252411785.713455,132770646782.13123
327568.83493098576,691001.0716487422
22127282830.397697,105292126062.95477
141348882095.81418,48318994290.97094
184209314107.55716,-132484988095.98145
-773982817394.9236,83666512847.3443
49780576958.89602,133691593352.19987
387917.0358072197,831813.0380748536
19135717349.62417,105837407042.35059
140473402110.3389,50743866884.19019
185414169561.91843,-130776801931.77611
-774102442353.4178,82544630510.151
47291749438.786446,134566906979.19772
452312.95931344066,986081.4449555915
16129032275.72182,106298512841.94527
139556127962.22504,53153659379.75029
186603293220.27905,-129057518044.7645
-774220440997.3784,81422574828.13255
44786770636.01871,135396265855.1345
520507.7021835185,1153896.103301423
13109605405.379473,106674981670.66592
138597314076.43842,55547647875.26246
187776582178.53094,-127327280933.25427
-774336813071.7244,80300348159.05823
42266488357.781784,136179363637.58537
592250.5399049555,1335342.187608508
10079829866.996017,106966419639.44264
137597227534.535,57925112562.791435
188933934853.03894,-125586236061.71153
-774451558324.7644,79177952861.09708
39731756525.13045,136915909587.3524
667289.0133413981,1530500.1958361492
7042112186.318015,107172501355.81262
136556148016.01012,60285337954.216354
190075250989.93057,-123834529848.82364
-774564676508.1969,78055391292.81259
37183434886.98636,137605628701.0753
745369.0163538249,1739445.9110049391
3998870325.133513,107292970457.72018
135474367735.50014,62627613106.030815
191200431674.28033,-122072309655.46873
-774676167377.1095,76932665813.1575
34622388730.91834,138248261838.69623
826234.8843903342,1962250.364444303
952531694.6952615,107327640085.8153
134352191375.82971,64951231843.50153
192309379339.18726,-120299723772.5929
-774786030689.9788,75809778781.4684
32049488590.792847,138843565845.68564
909629.4840135298,2198979.800717626
-2094468854.3400912,107276393293.58168
133189936016.89949,67255492984.10434
193401997774.74496,-118516921408.99588
-774894266208.67,74686732557.46045
29465609951.387814,139391313669.93622
995294.3033335771,2449695.6442526164
-5139691063.569177,107139183394.64578
131987931060.41068,69539700560.15549
194478192136.903,-116724052679.02632
-775000873698.4373,73563529501.22206
26871632950.065628,139891294473.23535
1082969.543314083,2714454.4677039795
-8180691318.118561,106916034246.63625
130746518150.42487,71803164040.55573
195537868956.21884,-114921268590.18726
-775105852927.9222,72440171973.20952
24268442075.603172,140343313737.22723
1172394.209917031,2993307.962074874
-11215024715.485657,106607040470.97983
129466051089.75923,74045198551.56381
196580936146.4989,-113108721030.65309
-775209203669.1549,71316662334.24158
21656925864.279568,140747193363.77808
1263306.2070520949,3286302.908622967
-14240247149.82009,106212367608.0399
128146895752.21878,76265125096.51581
197607303013.3286,-111286562756.69876
-775310925697.5529,70193002945.4941
19037976593.324776,141102771769.66034
1355442.4302947486,3593481.152576231
-17253917409.46178,105732252207.02667
126789429990.66965,78462270774.40572
198616880262.48956,-109454947380.04218
-775411018791.921,69069196168.49457
16412489971.834848,141409903975.47327
1448538.8613366992,3914879.578682896
-20253599285.499424,105167001850.13718
125394043540.95888,80635968997.24269
199609580008.26346,-107614029355.10095
-775509482734.4515,67945244365.11672
13781364829.262283,141668461688.72046
1542330.6631312878,4250530.088619228
-23236863689.0669,104516995110.41791
123961137921.68832,82785559706.09967
200585315781.6216,-105763963966.16428
-775606317310.7235,66821149897.57503
11145502801.592577,141878333380.9662
1636552.2756956387,4600459.580277992
-26201290775.05451,103782681442.88426
122491126329.85211,84910389585.76773
201544002538.29926,-103904907314.48102
-775701522309.7029,65696915128.419205
8505808015.320782,142039424358.9959
1730937.5125304884,4964689.928959645
-29144472069.87608,102964581008.47945
120984433532.349,87009812277.9303
202485556666.75348,-102037016305.26508
-775795097523.7421,64572542420.52873
5863186769.344454,142151656829.90796
1825219.6576177913,5343237.970487429
-32064012600.901257,102063284430.50993
119441495753.38324,89083188592.77092
203409895996.00418,-100160448634.61899
-775887042748.58,63448034137.10729
3218547214.892052,142214969960.06644
1919131.5629553962,5736115.486266627
-34957533025.1346,101079452483.25621
117862760557.76923,91129886718.9282
204316939803.3568,-98275362776.37679
-775977357783.3416,62323392641.67722
572799033.6083865,142229319927.84793
2012405.746587292,6143329.190307323
-37822671754.69878,100013815712.52492
116248686730.15742,93149282431.71124
205206608822.00635,-96381917968.8672
-776066042430.538,61198620298.07395
-2073146886.0787377,142194679970.1173
2104774.491087162,6564880.718229014
-40657087076.658394,98867173987.98148
114599744150.20116,95140759299.48877
206078825248.5213,-94480274201.59822
-776153096496.0664,60073719470.44037
-4718378774.184068,142111040422.37036
2195969.9424522454,7000766.618264436
-43458459264.703575,97640395987.18083
112916413663.6858,97103708888.16522
206933512750.20703,-92570592201.86414
-776238519789.2098,58948692523.22122
-7361984305.853616,141978408752.48465
2285724.209363798,7450978.344278903
-46224492680.1984,96334418611.29692
111199186949.64407,99037530963.65688
207770596472.34747,-90653033421.27605
-776322312122.637,57823541821.15748
-10003050929.38517,141796809588.02188
2373769.4627697594,7915502.250820423
-48952917860.088844,94950246332.63893
109448566383.48323,100941633692.2812
208590003045.32437,-88727760022.21706
-776404473312.4025,56698269729.28063
-12640666195.446947,141566284737.0291
2459838.0357445795,8394319.590214713
-51641493589.158,93488950474.1335
107665064896.15215,102815433838.97276
209391660591.6133,-86794934864.22308
-776485003177.9465,55572878612.907036
-15273918087.358574,141286893202.28818
2543662.523580556,8887406.511718143
-54288008954.11328,91951668421.04613
105849205829.37825,104658356963.23907
210175498732.65536,-84854721490.29059
-776563901542.0952,54447370837.63217
-17901895352.29641,140958711188.96664
2624975.884064423,9394734.062740443
-56890285376.99129,90339602765.31256
104001522787.00655,106469837612.7702
210941448595.60397,-82907284113.11212
-776641168231.0603,53321748769.324936
-20523687833.283257,140581832105.62665
2703511.5378924096,9916268.192147855
-59446178625.37084,88654020382.94983
102122559482.47513,108249319514.61586
211689442819.94586,-80952787601.24103
-776716803074.4395,52196014774.12186
-23138386801.820515,140156366558.55078
2779003.469176454,10451969.755656183
-61953580796.894226,86896251445.11824
100212869582.46367,109996255763.84445
212419415563.9954,-78991397465.18633
-776790805905.2163,51070171218.42134
-25745085291.019,139682442339.34842
2851186.3259937936,11001794.523321955
-64410422275.61014,85067688363.50798
98273016546.75356,111710109009.59871
213131302511.26132,-77023279843.43896
-776863176559.7606,49944220468.87786
-28342878429.082905,139160204405.80838
2919795.520931711,11565693.18913867
-66814673657.670456,83169784670.8276
96303573464.3406,113390351638.46304
213825040876.68555,-75048601488.43054
-776933914877.8285,48818164892.39613
-30930863772.999683,138589814855.96808
2984567.3315788223,12143611.382743802
-69164347643.9357,81204053837.27605
94305122885.84332,115036465955.05829
214500569412.75262,-73067529752.42578
-777003020702.5624,47692006856.12529
-33508141642.287106,137971452895.3726
3045239.000913936,12735489.68324096
-71457500897.07199,79172068023.98372
92278256652.25197,116647944359.78018
215157828415.4695,-71080232573.34985
-777070493880.4916,46565748727.45301
-36073815452.64728,137305314797.50058
3101548.837543198,13341263.635140251
-73692235860.75504,77075456774.51256
90223575720.06572,118224289523.59843
215796759730.21487,-69086878460.55174
-777136334261.5325,45439392873.99963
-38626992049.37602,136591613857.33807
3153236.315735964,13960863.766418613
-75866702538.63411,74915905645.60835
88141689982.8676,119765014559.83408
216417306757.4569,-67087636480.5049
-777200541698.9888,44312941663.61229
-41166782040.37481,135830580338.0845
3200042.1752096266,14594215.608700467
-77979100230.75197,72695154778.5009
86033218089.38869,121269643192.83344
217019414458.33917,-65082676242.44638
-777263116049.5522,43186397464.35894
-43692300128.61129,135022461410.97945
3241708.520613416,15241239.71955775
-80027679225.16364,70414997412.14891
83898787258.11565,122737709923.45816
217603029360.13358,-63072167883.95569
-777324057173.3027,42059762644.52249
-46202665443.87343,134167521088.24248
3277978.920661083,15901851.70692696
-82010742442.54997,68077278339.92587
81739033088.49738,124168760191.31133
218168099561.55997,-61056282056.47452
-777383364933.709,40933039572.59481
-48697001873.66133,133266040149.1222
3308598.506862256,16575962.255639518
-83926647031.67906,65683892311.34043
79554599368.80896,125562350533.62091
218714574737.9713,-59035189910.76867
-777441039197.6288,39806230617.27078
-51174438393.06007,132318316059.05473
3333314.071802239,17263477.156060293
-85773805913.63077,63236782380.48003
77346137880.73314,126918048740.70273
219242406146.40408,-57009063082.33344
-777497079835.3102,38679338147.44233
-53634109393.43616,131324662881.93599
3351874.16691999,17964297.334827833
-87550689272.76663,60737938202.95873
75114308200.72153,128235434007.92621
219751546630.493,-54978073676.743645
-777551486720.3915,37552364532.19242
-56075155009.79979,130285411185.51584
3364029.199734094,18678318.88768836
-89255825992.49898,58189394283.23967
72859777498.20001,129514097084.10756
220241950625.24954,-52942394254.949585
-777604259729.9025,36425312140.78906
-58496721446.67434,129200907939.92683
3369531.53046661,19405433.114414267
-90887805033.98906,55593228174.288536
70583220330.68459,130753640416.25583
220713574161.70328,-50902197818.5203
-777655398744.2648,35298183342.67929
-60897961302.31461,128071516409.36395
3368135.5680148304,20145526.555796362
-92445276755.98434,52951558631.59723
68285318435.876305,131953678290.59909
221166374871.40594,-48857657794.83527
-777704903647.2931,34170980507.48315
-63278033891.11495,126897616036.93605
3359597.865221161,20898481.032697838
-93926954174.08963,50266543723.69529
65966760520.80545,133113836969.81902
221600311990.7971,-46808948022.22598
-777752774326.1957,33043706004.98768
-65636105564.04825,125679602322.71413
3343677.2133915755,21664173.68715641
-95331614157.85504,47540378901.3416
63628242048.097595,134233754826.4236
222015346365.43085,-44756242735.06859
-777799010671.5756,31916362205.140846
-67971350026.97712,124417886695.00542
3320134.736013365,22442477.025519796
-96658098564.156,44775295027.65903
61270465019.43564,135313082472.18944
222411440454.06326,-42699716548.828995
-777843612577.4315,30788951478.045544
-70282948656.67856,123112896374.88683
3288733.981623235,23233258.963598255
-97905315305.43602,41973556371.5405
58894137756.29419,136351482883.60622
222788558332.5997,-40639544445.06172
-777886579941.159,29661476193.953526
-72570090814.4238,121765074234.03531
3249241.0157771697,24036382.873816554
-99072239351.48175,39137458566.71611
56499974678.02432,137348631523.258
223146665697.90128,-38575901756.363846
-777927912663.5516,28533938723.259377
-74831974156.95561,120374878645.89711
3201424.5120738978,24851707.634346414
-100157913663.50182,36269326538.92689
54088696077.36857,138304216457.07727
223485729871.45035,-36508964151.285355
-777967610648.8018,27406341436.49447
-77067804944.70583,118942783330.24208
3145055.8421842596,25679087.680199068
-101161450059.38515,33371512403.70196
51661027893.48794,139217938467.40967
223805719802.8741,-34438907619.19726
-778005673804.5024,26278686704.320923
-79276798347.09647,117469277191.15341
3079909.164839275,26518373.05625628
-102082030009.12157,30446393337.281612
49217701482.58431,140089511161.82892
224106606073.32584,-32365908455.118885
-778042102041.6483,25150976897.525593
-81458178744.76915,115954864148.50752
3005761.5137302643,27369409.472216845
-102918905359.47629,27496369423.26906
46759453386.20342,140918661077.64334
224388360898.72314,-30290143244.505608
-778076895274.6372,24023214387.014027
-83611180028.58792,114400062963.00308
2922392.8842749577,28232038.3594343
-103671398987.12077,24523861477.62878
44287025097.30517,141705127782.0375
224650958132.8431,-28211788847.998466
-778110053421.2716,22895401543.804466
-85735045895.26219,112805407054.80211
2829586.3192041772,29106096.92962029
-104338905379.5346,21531308854.67855
41801162824.189735,142448663967.79404
224894373270.27322,-26131022386.137016
-778141576402.7601,21767540739.02184
-87829030139.43752,111171444315.85072
2727127.992924334,29991418.235386755
-104920891143.10654,18521167236.74591
39302617252.36941,143149035544.5429
225118583449.21817,-24048021224.036823
-778171464143.719,20639634343.891785
-89892396942.10353,109498736915.95091
2614807.2946117087,30887831.232598945
-105416895437.97682,15495906410.177979
36792143304.4776,143806021725.48764
225323567454.1615,-21962962956.032948
-778199716572.1741,19511684729.734684
-91924421155.1697,107787861102.659
2492416.9099952336,31795160.84450993
-105826530339.27814,12458008030.405605
34270499898.308052,144419415109.5596
225509305718.38208,-19876025390.290894
-778226333619.5621,18383694267.959717
-93924388582.06137,106039406995.09065
2359752.90178529,32713228.02764624
-106149481124.54688,9409963378.769537
31738449703.078415,144989021758.95428
225675780326.32483,-17787386533.38635
-778251315220.7333,17255665330.058937
-95891596254.19043,104253978371.71617
2216614.788706858,33641849.839413
-106385506487.19173,6354271113.817026
29196758894.014023,145514661272.005
225822975015.825,-15697224574.855206
-778274661313.9521,16127600287.601377
-97825352703.15659,102432192452.23398
2062805.6230962325,34580839.50738584
-106534438676.02054,3293435019.7724786
26646196905.348698,145996166851.35208
225950875180.18604,-13605717871.715225
-778296371840.9003,14999501512.227186
-99724978228.53761,100574679673.61407
1898132.0670214063,35530006.500255704
-106596183560.94014,229961754.87529564
24087536181.840805,146433385367.36786
226059467870.1101,-11513044932.960814
-778316446746.6779,13871371375.64179
-101589805161.12906,98682083460.40738
1722404.4668871684,36489156.60039177
-106570720625.0564,-2833641397.737984
21521551928.903877,146826177416.80008
226148741795.48145,-9419384404.03233
-778334885979.8062,12743212249.610096
-103419178121.49602,96755059989.42029
1535436.9264869217,37458091.977986425
-106458102883.51236,-5894868773.95157
18949021861.452213,147174417376.59848
226218687327.00165,-7324915051.261361
-778351689492.2292,11615026505.950726
-105212454273.70226,94794277948.85811
1337047.3784642261,38436611.26674543
-106258456729.51234,-8951218564.759472
16370725951.56296,147477993452.892
226269296497.67685,-5229815746.293434
-778366857239.3163,10486816516.530298
-106969003574.0844,92800418292.04431
1127057.6541480997,39424509.64108533
-105971981708.08669,-12000195041.928852
13787446175.057041,147736807725.0864
226300563004.15628,-3134265450.4895873
-778380389179.8639,9358584653.257753
-108688209014.94168,90774173985.82648
905293.5517271647,40421578.894799225
-105598950218.25714,-15039310770.677855
11199966257.102293,147950776185.05438
226312482207.922,-1038443199.3082933
-778392285276.0984,8230333288.078715
-110369466863.01448,88716249753.78326
671584.9027288074,41427607.52115127
-105139707144.36562,-18066088806.850025
8609071416.942942,148119828771.39297
226305051136.3293,1057471913.3308237
-778402545493.678,7102064792.969919
-112012186892.62773,86627361814.35017
425765.63677062804,42442380.79435909
-104594669417.42853,-21078064876.114098
6015548111.860336,148243909398.7255
226278268483.49783,3153300750.699995
-778411169801.6951,5973781539.9336815
-113615792613.37852,84508237613.98541
167673.84455258597,43465680.852422856
-103964325507.47594,-24072789532.769012
3420183780.4705386,148322975982.02756
226232134611.05252,5248864148.931564
-778418158172.6792,4845485900.992429
-115179721492.25014,82359615555.5004
-102848.16094059643,44497286.781258635
-103249234847.92805,-27047830295.78956
823766585.4649811,148357000455.96
226166651548.71478,7343982932.700014
-778423510582.5989,3717180248.183283
-116703425170.03807,80182244721.6827
-385953.78505603777,45536974.7000931
-102450027193.1518,-30000773759.807465
-1772914844.0990453,148345968789.19287
226081822994.74316,9438477930.916273
-778427227010.8645,2588866953.5527143
-118186369671.97708,77976884594.3422
-681792.0939363795,46584517.84807586
-101567401910.4264,-32929227678.7862
-4369071670.8508415,148289880993.70886
225977654316.22348,11532169992.432812
-778429307440.3308,1460548389.1512547
-119628035612.46146,75744304768.91457
-990507.7588574034,47639686.67206504
-100602127207.62978,-35830823020.214676
-6963915107.394062,148188751129.07562
225854152549.20807,13624880001.758036
-778429751857.2991,332226927.0282762
-121027918393.75458,73485284664.7587
-1312241.0024652146,48702248.91554106
-99555039298.03546,-38703215987.715355
-9556656674.721842,148042607301.68018
225711326398.7041,15716428894.778467
-778428560251.5203,-796095060.7731555
-122385528398.58714,71200613231.28786
-1647127.546937375,49771969.70860301
-98427041503.68506,-41544090010.03573
-12146508460.651081,147851491658.92072
225549186238.5106,17806637674.487217
-778425732616.1973,-1924415202.221359
-123700391176.54749,68891088650.07678
-1995298.5640911136,50848611.65900144
-97219103298.87045,-44351157694.46826
-14732683378.167542,147615460378.35385
225367744110.90402,19895327426.717228
-778421268947.9877,-3052731125.3010397
-124972047624.17088,66557518033.089714
-2356880.6274604714,51931934.94416089
-95932259295.32639,-47122162742.82284
-17314395423.573273,147334583651.79816
225167013726.1724,21982319335.877796
-778415169247.0061,-4181040458.0182157
-126200054158.63896,64200717117.1766
-2731995.666362957,53021697.40414497
-94567608170.79498,-49854881828.15671
-19890859934.327896,147008945664.3973
224947010461.9976,24067434700.69283
-778407433516.8273,-5309340828.405066
-127383982885.00394,61821509954.98725
-3120760.921975,54117654.63551634
-93126311542.68059,-52547126430.55008
-22461293846.47534,146638644568.64914
224707751362.68582,26150494949.93933
-778398061764.488,-6437629864.524694
-128523421756.8567,59420728602.45534
-3523288.9054341866,55219560.08604366
-91609592788.5656,-55196744630.30037
-25024915951.547707,146223792453.40912
224449255138.24606,28231321658.184597
-778387054000.4907,-7565905194.4758215
-129617974730.36188,56999212803.00613
-3939687.3579849643,56327165.15020718
-90018735815.40509,-57801622856.99434
-27580947152.838226,145764515307.87982
224171542163.3166,30309736561.520573
-778374410238.8049,-8694164446.397383
-130667261911.58682,54557809668.644
-4370059.213183184,57440219.265454076
-88355083779.26143,-60359687593.004944
-30128610720.935497,145260952980.60046
223874634475.9392,32385561573.29387
-778360130496.8706,-9822405248.47305
-131670919697.05621,52097373358.077446
-4814502.561173545,58558470.00915494
-86620037757.47768,-62868907030.04803
-32667132548.411587,144713259133.45322
223558555776.18127,34458618799.82988
-778344214795.6003,-10950625228.935663
-132628600907.46767,49618764752.04102
-5273110.615052676,59681663.19621187
-84815055375.22266,-65327292677.52312
-35195741403.55702,144121601190.70572
223223331424.6055,36528730556.149475
-778326663159.382,-12078822016.071589
-133539974914.50854,47122851125.975266
-5745971.679329288,60809542.97726906
-82941649388.36913,-67732900921.45201
-37713669183.056175,143486160283.11172
222868988440.5874,38595719381.67674
-778307475616.081,-13206993238.224972
-134404727760.71817,44610505820.226974
-6233169.120491503,61941851.93747625
-81001386224.69118,-70083834532.91843
-40220151163.49719,142807131187.09454
222495555500.48047,40659408055.9362
-778286652197.0431,-14335136523.801928
-135222562272.34433,42082607907.933624
-6734781.339690143,63078331.195755295
-78995884485.38652,-72378244125.00146
-42714426251.61123,142084722259.04044
222103062935.62897,42719619614.238
-778264192937.096,-15463249501.274632
-135993198165.14705,39540041860.756744
-7250881.747545481,64218720.50452034
-76926813408.94502,-74614329557.28474
-45195737233.13655,141319155364.73184
221691542730.22845,44776177363.34949
-778240097874.5521,-16591329799.185331
-136716372143.10739,36983697212.63008
-7781538.74108359,65362758.349801645
-74795891299.39595,-76790341287.11159
-47663331020.203766,140510665803.95255
221261028519.03397,46828904897.15169
-778214367051.211,-17719375046.150284
-137391837990.00339,34414468221.68936
-8326815.682807198,66510182.05172338
-72604883920.97289,-78904581666.84431
-50116458897.1395,139659502230.29984
220811555584.91608,48877626112.279045
-778187000512.361,-18847382870.863598
-138019366653.81955,31833253530.551025
-8886770.881904578,67660727.86528568
-70355602861.2385,-80955406186.47247
-52554376764.5866,138765926566.24084
220343160856.26468,50922165223.74096
-778157998306.7811,-19975350902.10101
-138598746323.9613,29240955825.108006
-9461457.577598784,68814131.08140124
-68049903864.709564,-82941224661.00008
-54976345381.84009,137830213913.4529
219855882904.2408,52962346780.52353
-778127360486.7437,-21103276768.72358
-139129782501.2496,26638481492.01103
-10050923.92463821,69970126.12813704
-65689685139.01785,-84860502362.12619
-57381630607.29922,136852652458.49008
219349761939.87634,54997995681.16996
-778095087108.0154,-22231158099.6813
-139612298060.6764,24026740275.004204
-10655212.980928205,71128446.67211159
-63276885635.63322,-86711761093.81538
-59769503636.936966,135833543373.82062
218824839811.02197,57028937189.33808
-778061178229.8599,-23358992524.01667
-140046133306.90488,21406644930.28384
-11274362.69730221,72288825.71999876
-60813483307.163055,-88493580211.43526
-62139241240.68974,134773200714.28206
218281159999.1434,59054996949.33344
-778025633915.0385,-24486777670.86815
-140431146022.50452,18779110881.04945
-11908405.909429632,73450995.7200891
-58301493343.22614,-90204597584.21687
-64490125996.67121,133671951309.00356
217718767615.96594,61076001001.61636
-777988454229.8123,-25614511169.4736
-140767211508.9137,16145055871.41578
-12557370.33185644,74614688.66385968
-55742966386.87972,-91843510500.87073
-66821446523.11559,132530134648.84668
217137709399.9677,63091775798.2815
-777949639243.9434,-26742190649.173626
-141054222620.12872,13505399619.854445
-13221278.554173222,75779636.18750456
-53139986733.55648,-93409076518.26479
-69132497707.95717,131348102769.41867
216538033712.72165,65102148218.50828
-777909189030.696,-27869813739.414886
-141292089789.1214,10861063472.333357
-13900148.039304266,76945569.67337714
-50494670514.44273,-94900114253.14366
-71422580935.95424,130126220129.71411
215919790535.08652,67106945583.98068
-777867103666.8381,-28997378069.75334
-141480741046.99234,8212970055.321592
-14593991.123910042,78112220.35129713
-47809163866.20131,-96315504116.93713
-73691004313.26721,128864863486.44298
215283031463.247,69105995674.27484
-777823383232.6416,-30124881269.857452
-141620122034.8715,5562042928.8266945
-15302815.020894218,79279319.39967443
-45085641088.91196,-97654188993.77344
-75937082889.4023,127564421764.10544
214627809704.6034,71099126742.21286
-777778027811.8837,-31252320969.511345
-141710196008.5813,2909206239.6305885
-16026621.824005285,80446598.0464032
-42326302794.069305,-98915174861.87697
-78160138876.4337,126225295920.87555
213954180073.5109,73086167529.18138
-777731037491.8477,-32379694798.61793
-141750943836.0831,255384374.88937998
-16765408.514521645,81613787.66947936
-39533374044.443306,-100097531358.59181
-80359501865.41905,124847898810.3581
213262198986.8688,75066947280.41324
-777682412363.3232,-33507000387.201996
-141742363987.7305,-2398498383.738776
-17519166.970007937,82780619.89729571
-36709102487.56989,-101200392289.33131
-82534509039.9246,123432655039.28467
212551924459.5602,77041295760.23073
-777632152520.6072,-34634235365.41327
-141684472519.35886,-5051518205.274717
-18287883.97512927,83946826.70856903
-33855756484.600792,-102222956080.80995
-84684505386.57832,121980000821.21716
211823416099.74197,79009043267.24902
-777580258061.503,-35761397363.52946
-141577303048.24323,-7702752053.746523
-19071541.23450893,85112140.5318541
-30975623236.200737,-103164486178.96684
-86808843902.57114,120490383826.3284
211076735103.9857,80970020649.53793
-777526729087.3221,-36888484011.95929
-141420906721.96173,-10351278031.504711
-19870115.387614127,86276294.34460036
-28071006907.138367,-104024311392.04083
-88906885800.02826,118964263027.33157
210311944252.27,82924059319.74081
-777471565702.8827,-38015492941.245514
-141215352180.20517,-12996175721.36565
-20683578.0256532,87439021.77170728
-25144226751.17375,-104801826179.30408
-90978000707.17458,117402108541.63179
209529107902.82428,84870991270.14879
-777414768016.5103,-39142421782.06793
-140960725509.57797,-15636526527.426151
-21511895.71046684,88600057.18353513
-22197615237.801086,-105496490886.00583
-93021566866.22006,115804401469.77472
208728291986.82452,86810649087.72891
-777356336140.037,-40269268165.24641
-140657130191.43884,-18271414014.39395
-22355029.99539475,89759135.79332867
-19233516182.35976,-106107831925.11961
-95036971327.89316,114171633730.26884
207909564002.94128,88742865969.1047
-777296270188.8013,-41396029721.74389
-140304687042.83408,-20899924245.28075
-23212937.448098317,90915993.75401182
-16254282880.98088,-106635441906.52557
-97023610142.55212,112504307890.85942
207072993011.7407,90667475735.48747
-777234570281.6472,-42522704082.66944
-139903534150.57962,-23521146117.306366
-24085569.675318796,92070368.25431195
-13262276251.789669,-107078979714.29567
-98980888547.80656,110802936996.33354
206218649629.93842,92584312847.55699
-777171236540.9237,-43649288879.28131
-139453826798.5522,-26134171695.8648
-24972873.349549755,93221997.6141733
-10259862983.736996,-107438170532.78236
-100908221152.58325,109068044392.9374
205346606024.50748,94493212420.28995
-777106269092.4835,-44775781742.99001
-138955737388.25266,-28738096546.405083
-25874790.237601496,94370621.37941977
-7249413694.385946,-107712805822.24165
-102805032117.57278,107300163549.48773
204456935906.63992,96394010237.73459
-777039668065.6823,-45902180305.36143
-138409455352.70932,-31332020064.082157
-26791257.23103435,95515980.41562799
-4233301097.931748,-107902743244.74861
-104670755331.99556,105499837875.26117
203549714525.5633,98286542767.73022
-776971433593.3772,-47028482198.11995
-137815187063.79114,-33915045801.035435
-27722206.378436934,96657817.00117217
-1213898184.6859193,-108007906541.18837
-106504834586.62794,103667620534.74591
202625018662.21204,100170647176.56982
-776901565811.9258,-48154685053.15169
-137173155733.00507,-36486281791.15508
-28667564.91952463,97795874.91940357
1806423586.7918744,-108028285360.12776
-108306723743.03163,101804074259.3417
201682926622.75455,102046161343.60445
-776830064861.1843,-49280786502.507675
-136483601305.85442,-39044840872.19875
-29627255.321032688,98929899.54992749
4825296083.777825,-107963935039.39198
-110075886898.93152,99909771156.09486
200723518231.97632,103912923875.78781
-776756930884.5063,-50406784178.407166
-135746780349.83861,-41589841005.12406
-30601195.31437776,100059637.95894213
7840356278.594064,-107814976341.18811
-111811798549.68967,97985292513.55618
199746874826.51978,105770774122.15962
-776682164028.7408,-51532675713.24096
-134962965936.17735,-44120405590.50482
-31589297.93506072,101184838.98860417
10849248011.901134,-107581595141.63155
-113513943745.82518,96031228604.85054
198753079247.98132,107619552188.2661
-776605764444.2303,-52658458739.57481
-134132447515.34557,-46635663781.90198
-32591471.563783187,102305253.34538682
13849623739.07467,-107264042075.54404
-115181818246.53226,94048178488.04768
197742215835.8662,109459098950.51624
-776527732284.8092,-53784130890.15285
-133255530786.50793,-49134750796.06283
-33607619.96924919,103420633.68739702
16839146258.71274,-106862632137.40184
-116814928669.15083,92036749803.92464
196714370420.40173,111289256070.47234
-776448067707.8011,-54909689797.90113
-132332537560.94489,-51616808219.825264
-34637642.35262309,104530734.71061924
19815490422.364254,-106377744239.3204
-118412792634.54662,89997558571.21086
195669630315.20963,113109866009.07327
-776366770874.0176,-56035133095.93121
-131363805619.5642,-54080984313.606674
-35681433.393613964,105635313.23405436
22776344824.611694,-105809820726.96797
-119974938908.35982,87931228979.40773
194608084309.83795,114920772040.78905
-776283841947.7551,-57160458417.543816
-130349688564.59514,-56526434311.36015
-36738883.298156284,106734128.2837228
25719413472.683327,-105159366854.30423
-121500907538.0839,85838393179.27487
193529822662.15338,116721818267.70525
-776199281096.7931,-58285663396.23255
-129290555665.56432,-58952320716.88384
-37809877.84765604,107826941.1755023
28642417434.81086,-104426950218.04219
-122990249985.9383,83719691071.07594
192434937090.59442,118512849633.53575
-776113088492.3915,-59410745665.68772
-128186791699.65466,-61357813596.37239
-38894298.449770994,108913515.5967711
31543096466.588066,-103613200152.73174
-124442529257.50131,81575770090.67726
191323520766.28632,120293711937.56247
-776025264309.288,-60535702859.800224
-127038796786.55138,-63742090867.102646
-39992022.19069315,109993617.686829
34419210614.62432,-102718807087.36182
-125857320026.07166,79407284993.59282
190195668305.01825,122064251848.50046
-775935808725.6959,-61660532612.6655
-125846986217.88037,-66104338582.14893
-41102921.88890125,111067016.11606881
37268541796.823975,-101744521864.37535
-127234208752.72954,77214897637.06963
189051475759.0837,123824316918.2871
-775844721923.3015,-62785232558.587585
-124611790281.34706,-68443751211.02669
-42226866.1503504,112133482.1638724
40088895358.65827,-100691155021.98651
-128572793802.07054,74999276760.3076
187891040608.98453,125573755595.79382
-775752004087.2609,-63909800332.08324
-123333654079.68483,-70759531916.16629
-43363719.42506574,113192789.79520604
42878101604.83081,-99559576040.68417
-129872685553.58784,72761097762.90823
186714461754.9996,127312417240.45912
-775657655406.1978,-65034233567.88614
-122013037344.52458,-73050892825.12247
-44513342.06510653,114244715.7358907
45634017305.770355,-98350712554.7985
-131133506508.68054,70501042481.6466
185521839508.6189,129040152135.84113
-775561676072.2006,-66158529900.951195
-120650414245.29811,-75317055298.42789
-45675590.38386681,115289039.54652426
48354527178.41631,-97065549529.99928
-132354891393.26839,68219798965.66108
184313275583.84344,130756811503.08865
-775464066280.8196,-67282686966.45889
-119246273193.28969,-77557250193.00302
-46850316.71667826,116325543.69503301
51037545340.79203,-95705128407.58586
-133536487255.99522,65918061250.155304
183088873088.35236,132462247514.32912
-775364826231.0642,-68406702399.819756
-117801116640.95161,-79770718121.03757
-48037369.48268086,117354013.62783131
53681016739.88949,-94270546216.41782
-134677953562.00607,63596529128.706795
181848736514.5375,134156313305.972
-775263956125.4001,-69530573836.6789
-116315460876.60063,-81956709704.2624
-49236593.24792634,118374237.83956864
56282918552.41578,-92762954653.3254
-135778962282.28464,61255907924.27635
180592971730.40674,135838862991.92644
-775161456169.7466,-70654298912.9206
-114789835814.61359,-84114485823.53421
-50447828.789679535,119386007.9414449
58841261557.97722,-91183559132.82648
-136839197978.54059,58896908259.01237
179321685970.3565,137509751676.7316
-775057326573.4733,-71777875264.67302
-113224784781.24133,-86243317863.65837
-51670913.16188218,120389118.72807503
61354091484.30046,-89533617806.96489
-137858357883.6381,56520245822.94378
178034987825.81464,139168835468.59845
-774951567549.3978,-72901300528.31299
-111620864296.16129,-88342487953.37926
-52905679.76174376,121383368.24288562
63819490324.11252,-87814440556.07222
-138836151977.5591,54126641141.65511
176732987235.75436,140815971492.3616
-774844179313.7828,-74024572340.47081
-109978643849.88947,-90411289200.4703
-54151958.397423774,122368557.84202668
66235577623.32201,-86027387951.24199
-139772303058.89743,51716819343.03665
175415795477.08026,142451017902.3397
-774735162086.333,-75147688338.0352
-108298705677.17387,-92449025921.85979
-55409575.356769495,123344492.25678292
68600511740.163284,-84173870189.2915
-140666546811.88126,49291509923.202415
174083525154.8872,144073833895.10333
-774624516090.1923,-76270646158.15828
-106581644526.49161,-94455013868.7314
-56678353.47707349,124310979.65446953
70912491074.98264,-82255346000.97322
-141518631868.92456,46851446511.66799
172736290192.59308,145684279722.14886
-774512241551.9412,-77393443438.26064
-104828067425.77254,-96428580446.54243
-57958112.215814784,125267831.69779891
73169755270.36194,-80273321533.18349
-142328319868.70926,44397366635.8799
171374205821.94626,147282216702.47687
-774398338701.5941,-78516077816.03645
-103038593444.4729,-98369064929.90529
-59248667.7223477,126214863.60270503
75370586381.28986,-78229349205.90256
-143095385509.80237,41930011485.18743
169997388572.909,148867507235.07407
-774282807772.5964,-79638546929.45868
-101213853452.12251,-100275818672.28185
-60549832.91050219,127151894.19461362
77513310015.10371,-76125026544.58607
-143819616599.8147,39450125674.3473
168605956263.4173,150440014811.2973
-774165649001.8218,-80760848416.78432
-99354489873.46944,-102148205310.4431
-61861417.53205967,128078745.9631469
79596296440.9373,-73961994988.71442
-144500814100.1089,36958457006.650764
167200027989.01862,151999604027.15823
-774046862629.5697,-81882979916.55971
-97461156440.34604,-103985600963.65004
-63183228.25106817,128995245.11525264
81617961668.41989,-71741938677.19278
-145138792166.06726,34455756236.76216
165779724112.3882,153546140595.50754
-773926448899.5627,-83004939067.62593
-95534517940.38058,-105787394427.51485
-64515068.71896077,129901221.62674831
83576768495.38118,-69466583211.28165
-145733378182.93155,31942776833.356857
164345166252.72525,155079491358.11734
-773804408058.944,-84126723509.1242
-93575249962.67822,-107552987362.5048
-65856739.65044137,130796509.29227151
85471227524.32443,-67137694395.72448
-146284412797.22842,29420274741.64602
162896477275.0295,156599524297.66064
-773680740358.2744,-85248330880.50137
-91584038640.59525,-109281794477.0544
-67208038.9001018,131680945.77362946
87299898147.43668,-64757076958.7268
-146791749943.79666,26889008145.87451
161433781279.26,158106108549.5864
-773555446051.5309,-86369758821.51544
-89561580391.73016,-110973243705.25423
-68568761.53973447,132554372.64654048
89061389499.91013,-62326573251.429245
-147255256868.43365,24349737231.87743
159957203589.37643,159599114413.88904
-773428525396.103,-87491004972.24112
-87508581655.2549,-112626776379.08853
-69938699.93630491,133416635.44576181
90754361381.35307,-59848061927.50549
-147674814146.18063,21803223949.77978
158466870742.2643,161078413366.7713
-773299978652.7915,-88612066973.07547
-85425758626.70879,-114241847395.19617
-71317643.8305486,134267583.70859843
92377525145.07158,-57323456603.5054
-148050315695.2677,19250231776.922832
156962910476.54544,162543878072.1991
-773169806085.8053,-89732942464.74353
-83313836990.37793,-115817925376.13275
-72705380.41615666,135107071.0167888
93929644555.00533,-54754704500.55357
-148381668786.74152,16691525481.099604
155445451721.27414,163995382393.34708
-773038007962.7598,-90853629088.30402
-81173551649.38153,-117354492826.11478
-74101694.4195153,135934955.03676412
95409536610.10179,-52143785068.00439
-148668794049.80008,14127870884.180927
153914624584.52084,165432801403.934
-772904584554.6743,-91974124485.15504
-79005646453.58638,-118851046281.22946
-75506368.17996386,136751097.55827826
96816072335.9131,-49492708589.6459
-148911625472.8606,11560034626.212376
152370560341.84406,166856011399.44638
-772769536135.9703,-93094426297.03989
-76810873925.46992,-120307096454.0967
-76919181.73053688,137555364.53140685
98148177543.19896,-46803514773.03756
-149110110400.38818,8988783930.061226
150813391424.6516,168264889908.2496
-772632862984.469,-94214532166.05273
-74589994984.05154,-121722168372.97256
-78339912.87915538,138347626.10191393
99404833553.31758,-44078271322.55994
-149264209525.51422,6414886366.69149
149243251408.4527,169659315702.58493
-772494565381.3894,-95334439734.64455
-72343778667.01071,-123095801515.28648
-79768337.29023324,139127756.6449864
100585077890.18393,-41319072496.74884
-149373896878.47528,3839109621.1438007
147660275001.00156,171039168809.45175
-772354643611.3468,-96454146645.62883
-70073001851.11003,-124427549935.60661
-81204228.56666455,139895634.79733625
101688004938.57156,-38528037650.48154
-149439159810.90433,1262221259.2957668
146064598030.33423,172404330521.37347
-772213097962.3505,-97573650542.18752
-67778448971.03989,-125716982388.03113
-82647358.33215827,140651143.4876721
102712766568.53088,-35707309762.57906
-149459998976.0076,-1315011504.5228558
144456357432.6994,173754683407.04633
-772069928725.802,-98692949067.87683
-65460911736.80051,-126963682443.00508
-84097496.31388666,141394169.96554136
103658572725.69202,-32859053949.385914
-149436428304.662,-3891822038.9871
142835691240.3846,175090111321.86966
-771925136196.4937,-99812039866.63318
-63121188849.736244,-128167248598.56549
-85554410.42541444,142124605.8285462
104524691987.21619,-29985455964.886894
-149368474977.46875,-6467444526.234036
141202738569.439,176410499418.3569
-771778720672.6066,-100930920582.779
-60760085717.335526,-129327294386.01945
-87017866.8498758,142842347.04793605
105310452083.15407,-27088720687.920536
-149256179392.80066,-9041114191.249847
139557639607.29395,177715734156.4259
-771630682455.7094,-102049588861.02876
-58378414166.90887,-130443448470.06264
-88487630.12336683,143547293.99258095
106015240382.9645,-24171070597.04917
-149099595130.88113,-11612067530.117577
137900535600.28268,179005703313.5678
-771481021850.7563,-103168042346.49477
-55976992158.25603,-131515354743.3477
-89963463.21852137,144239351.45132983
106638504346.94096,-21234744233.647705
-148898788913.9348,-14179542537.057755
136231568841.06013,180280295994.89316
-771329739166.0863,-104286278684.69315
-53556643495.43205,-132542672415.51447
-91445127.62823834,144918428.65375945
107179751942.28778,-18281994653.776268
-148653840562.45013,-16742778930.195427
134550882655.92448,181539402643.0544
-771176834713.4208,-105404295521.54977
-51118197537.720695,-133525076096.69592
-92932383.44952932,145584439.28931934
107638552023.58163,-15315087869.406225
-148364842947.59543,-19301018375.988525
132858621392.04141,182782915048.0438
-771022308807.8629,-106522090503.40616
-48662488909.92221,-134462255875.5162
-94424989.46745554,146237301.52487946
108014534677.34863,-12336301279.574596
-148031901939.83157,-21853504712.2539
131154930404.57254,184010726356.86536
-770866161767.8961,-107639661277.02539
-46190357212.06119,-135353917391.59863
-95922703.23912333,146876938.02068746
108307391530.4808,-9347922092.048733
-147655136353.76437,-24399484169.728683
129439956043.70924,185222731083.08047
-770708393915.3829,-108757005489.5981
-43702646728.61857,-136199781902.60413
-97425281.17770836,147503275.94474304
108516876022.21065,-6352245736.091068
-147234677889.2813,-26938205592.106144
127713845641.61324,186418825116.2256
-770549005575.5637,-109874120788.74834
-41200206137.39053,-136999586345.82199
-98932478.6364785,148116246.98559773
108642803639.3565,-3351574266.92306
-146770671069.01825,-29468920654.48648
125976747499.26514,187598905731.10144
-770387997077.0557,-110991004822.5395
-38683888218.07543,-137753083394.337
-100444049.99278621,148715787.3635885
108685052114.54688,-348214762.4978733
-146263273172.20187,-31990884080.184574
124228810873.2225,188762871596.93265
-770225368751.8514,-112107655239.48027
-36154549560.68832,-138460041507.79855
-101959748.73200166,149301837.84051475
108643561587.12651,2655522286.7969294
-145712654164.91507,-34503353855.83798
122470185962.28845,189910622786.39685
-770061120935.3186,-113224069688.53047
-33613050273.901196,-139120244977.8192
-103479327.5313578,149874343.72776777
108518334726.44336,5657324594.872538
-145118996626.83292,-37005591444.759995
120701023894.09245,191042060784.5224
-769895253966.1982,-114340245819.10703
-31060253693.40539,-139733493968.0318
-105002538.3436798,150433254.89292356
108309436817.21144,8654879702.459633
-144482495674.47748,-39496861998.48397
118921476711.5845,192157088497.4539
-769727768186.6042,-115456181281.08978
-28497026090.390873,-140299604548.8356
-106529132.48097111,150978525.76480925
108016995806.64178,11645876604.75319
-143803358881.0405,-41976434566.44652
117131697359.44409,193255610261.0843
-769558663942.0226,-116571873724.82745
-25924236380.235775,-140818408726.86392
-108058860.697829,151510115.33705407
107641202313.03119,14628007383.501451
-143081806192.82346,-44443582303.758675
115331839670.40533,194337531849.5533
-769387941581.3103,-117687320801.14345
-23342755831.49767,-141289754469.2064
-109591473.27466318,152027987.1701369
107182309595.49721,17598968842.8416
-142318069842.3454,-46897582677.01544
113522058351.49966,195402760483.61066
-769215601456.6947,-118802520161.34172
-20753457775.2965,-141713505722.42117
-111126720.10069126,152532109.39194202
106640633484.54684,20556464148.16606
-141512394258.1686,-49337717668.0957
111702508970.21754,196451204838.8436
-769041643923.7728,-119917469457.21262
-18157217315.177467,-142089542426.37332
-112664350.75668532,153022454.69683546
106016552273.16713,23498204467.28378
-140665035971.49387,-51763273975.90568
109873347940.59042,197482775053.7682
-768866069341.5105,-121032166341.03871
-15554911037.540403,-142417760522.93668
-114204114.59744456,153499000.34327492
105310506568.1268,26421910613.12001
-139776263519.5763,-54173543216.02076
108034732509.1946,198497382737.7829
-768688878072.242,-122146608465.60062
-12947416722.720623,-142698071959.59808
-115745760.8339693,153961728.14996615
104522999101.18117,29325314687.176674
-138846357346.01398,-56567822118.18174
106186820741.07816,199494940978.98434
-768510070481.6691,-123260793484.18275
-10335613056.804422,-142930404688.00378
-117289038.61531197,154410624.49057958
103654594499.87563,32206161722.95272
-137875609697.96136,-58945412721.60295
104329771505.61267,200475364351.8441
-768329646938.8608,-124374719050.57918
-7720379344.260841,-143114702657.48886
-118833697.11008164,154845680.2870407
102705919017.64857,35062211328.50058
-136864324520.3203,-61305622568.05121
102463744462.27092,201438568924.74576
-768147607816.2529,-125488382819.09929
-5102595221.4695635,-143250925803.63138
-120379485.58757864,155266891.00140887
101677660222.94063,37891239327.27061
-135812817346.96124,-63647764892.65576
100588900046.33208,202384472267.382
-767963953489.647,-126601782444.57364
-2483140371.2231846,-143339050031.8744
-121926153.4985366,155674256.62635842
100570566647.02498,40691039396.37047
-134721415189.02779,-65971158812.41088
98705399454.51598,203312993458.0102
-767778684338.2103,-127714915582.3596
137105761.7195921,-143379067196.25922
-123473450.55544981,156067781.67427745
99385447390.2828,43459424701.340965
-133590456420.3777,-68275129512.33396
96813404630.54778,204224053090.56668
-767591800744.4753,-128827779888.34714
2757264253.954921,-143370985073.31454
-125021126.8124639,156447475.1649991
98123171686.65877,46194229526.52346
-132420290660.21399,-70559008429.24345
94913078250.65453,205117573281.63837
-767403303094.3394,-129940373018.96445
5376456985.555685,-143314827331.14664
-126568932.74480881,156813350.61218062
96784668426.04373,48893310900.06755
-131211278652.95934,-72822133433.12218
93004583708.99518,205993477677.29144
-767213191777.0641,-131052692631.18367
7993806920.922642,-143210633493.7766
-128116619.32775329,157165426.008346
95370925634.3463,51554550212.60046
-129963792145.42761,-75063849006.03288
91088085103.02545,206851691459.75644
-767021467185.275,-132164736382.52655
10608438388.294832,-143058458900.7713
-129663938.11506051,157503723.80860794
93882989911.03055,54175854828.552216
-128678213761.34615,-77283506418.5542
89163747218.79912,207692141353.96896
-766828129714.9617,-133276501931.07007
13219477357.85086,-142858374662.21503
-131210641.31692524,157828270.91308516
92321965823.9149,56755159689.10301
-127354936873.28233,-79480463903.70642
87231735516.20714,208514755633.9655
-766633179765.4768,-134387986935.45204
15826051718.334234,-142610467609.06998
-132756481.87737319,158139098.64803156
90689015261.04684,59290428905.69124
-125994365472.02843,-81654086828.33772
85292216114.15625,209319464129.13406
-766436617739.5364,-135499189054.87677
18427291552.13751,-142314840238.97327
-134301213.55110386,158436242.74569345
88985356739.48944,61779657342.99285
-124596914033.49797,-83803747861.94278
83345355775.68846,210106198230.31845
-766238444043.219,-136610105949.1206
21022329408.78156,-141971610657.51965
-135844590.97975856,158719743.32291168
87212264670.8792,64220872190.25495
-123163007383.18768,-85928827142.88676
81391321893.04301,210874890895.7764
-766038659085.9661,-137720735278.5375
23610300576.727833,-141580912515.07874
-137386369.76759583,158989644.85848555
85371068583.63983,66612134519.83865
-121693080558.25803,-88028712442.00911
79430282472.66238,211625476656.9905
-765837263280.5812,-138831074704.06458
26190343353.46291,-141142894939.19617
-138926306.55655712,159245996.1693154
83463152301.76433,68951540831.79898
-120187578667.28612,-90102799323.58234
77462406120.1438,212357891624.33163
-765634257043.2302,-139941121887.22766
28761599313.79622,-140657722462.62857
-140464159.10070568,159488850.38534102
81489953080.10664,71237224583.30257
-118646956747.74399,-92150491303.60266
75487862025.13788,213072073492.57443
-765429640793.4409,-141050874490.1468
31323213576.313213,-140125574947.06226
-141999686.34002262,159718264.9232933
79452960696.1561,73467357701.65732
-117071679621.25536,-94171200005.39001
73506819946.19604,213767961546.26437
-765223414954.1028,-142160330175.5417
33874335067.92773,-139546647502.56564
-143532648.4735442,159934301.45927638
77353716498.30106,75640152079.70242
-115462221746.68382,-96164345312.4762
71519450195.5681,214445496664.93597
-765015579951.467,-143269486606.73727
36414116786.478676,-138921150402.82626
-145062807.031825,160137025.90019783
75193812410.62392,77753861052.28194
-113819067071.10507,-98129355518.76128
69525923623.95177,215104621328.18158
-764806136215.1461,-144378341447.66907
38941716061.31756,-138249308996.22235
-146589924.94871214,160326508.3540645
72974889894.30725,79806780852.50095
-112142708878.71559,-100065667475.91881
67526411605.19569,215745279620.57062
-764595084178.1138,-145486892362.88873
41456294811.83473,-137531363612.78006
-148113766.6324162,160502823.0991616
70698638865.77074,81797252046.44002
-110433649637.72995,-101972726738.03215
65521086020.95749,216367417236.41864
-764382424276.7048,-146595137017.56937
43957019803.87359,-136767569467.06683
-149634098.0358649,160666048.55213302
68366796571.70024,83723660944.9818
-108692400845.3187,-103849987703.44467
63510119245.31861,216970981484.40588
-764168156950.6152,-147703073077.51102
46443062903.98311,-135958196557.07162
-151150686.7263261,160816267.23498031
65981146421.174355,85584440991.38257
-106919482870.63835,-105696913753.80779
61493684129.35751,217555921292.04507
-763952282642.9016,-148810698209.14603
48913601331.4606,-135103529559.12282
-152663301.95428726,160953565.7409984
63543516775.13951,87378074123.2024
-105115424796.00485,-107512977390.31175
59471953985.68286,218122187209.99786
-763734801799.9812,-149918010079.54437
51367817908.13755,-134203867718.89452
-154171714.7215785,161078034.69966584
61055779693.53283,89103092107.18965
-103280764256.26138,-109297660367.08505
57445102572.92844,218669731416.2398
-763515714871.6321,-151025006356.4191
53804901305.86276,-133259524738.55185
-155675697.84872773,161189768.7405077
58519849640.40139,90758077845.69955
-101416047276.39124,-111050453821.7491
55413304080.21137,219198507720.0733
-763295022310.9927,-152131684708.1316
56224046291.63818,-132270828660.08592
-157175026.04153576,161288866.45594844
55937682147.41861,92341666653.21219
-99521828107.42595,-112770858403.11586
53376733111.555435,219708471565.9883
-763072724574.5616,-153238042803.6969
58624453970.36381,-131238121744.8888
-158669475.9568605,161375430.36317334
53311272436.251686,93852547501.50298
-97598669060.6986,-114458384396.01685
51335564670.28099,220199580037.37033
-762848822122.198,-154344078312.7891
61005332025.14926,-130161760349.6189
-160158826.2675995,161449566.86501577
50642654000.289406,95289464232.00868
-95647140340.49187,-116112551843.25285
49289974143.363396,220671791860.0554
-762623315417.1208,-155449788905.74652
63365894955.150696,-129042114798.40707
-161642857.72686034,161511386.20988867
47933897146.29659,96651216733.92377
-93667819875.12987,-117732890664.65446
47240137285.76145,221125067405.73163
-762396204925.909,-156555172253.57706
65705364310.892654,-127879569251.45317
-163121353.23130938,161561002.45077738
45187107496.61994,97936662086.5565
-91661293146.5625,-119318940773.2443
45186230204.71761,221559368695.1872
-762167491118.5017,-157660226027.9634
68022968927.03556,-126674521570.0631
-164594097.88368908,161598533.40331244
42404424452.62997,99144715664.47118
-89628153018.4907,-120870252188.49255
43128429344.03163,221974659401.40396
-761937174468.1974,-158764947901.26834
70317945152.55042,-125427383178.17587
-166060879.05449498,161624100.60293922
39588019620.14519,100274352203.94215
-87568999563.08043,-122386385146.65834
41066911468.309296,222370904852.49673
-761705255451.6544,-159869335546.5399
72589537078.26329,-124138578920.43015
-167521486.4428039,161637829.26120245
36740095197.64739,101324606829.24811
-85484439886.31273,-123866910208.20981
39001853647.18791,222748072034.49762
-761471734548.8906,-160973386637.51657
74836996761.73297,-122808546916.81914
-168975712.13624483,161639848.22116327
33862882328.16046,102294576037.33963
-83375087952.01718,-125311408362.31682
36933433239.54017,223106129593.98517
-761236612243.2831,-162077098848.63266
77059584449.42612,-121437738413.98312
-170423350.6701051,161630289.91196582
30958639415.730133,103183418639.42172
-81241564404.63501,-126719471128.41072
34861827877.65796,223445047840.55786
-760999889021.5682,-163180469855.0233
79256568796.15497,-120026617633.18785
-171864199.08556387,161609290.30257112
28029650407.50767,103990356658.00404
-79084496390.75818,-128090700654.8061
32787215451.41781,223764798749.15164
-760761565373.8417,-164283497332.5296
81427227081.7435,-118575661615.03745
-173298056.9870464,161576988.85467523
25078223042.50681,104714676177.986
-76904517379.49014,-129424709814.3804
30709774092.429394,224065355962.20117
-760521641793.5577,-165386178957.70404
83570845424.88869,-117085360060.9697
-174724726.59869218,161533528.47482896
22106687068.170147,105355728150.36166
-74702266981.6734,-130721122297.30737
28629682158.168743,224346694791.64456
-760280118777.5297,-166488512407.81534
85686718994.18419,-115556215171.5816
-176144012.8199305,161479055.4657759
19117392425.94858,105912929147.15057
-72478390768.02878,-131979572700.84154
26547118216.097614,224608792220.77097
-760036996825.9294,-167590495360.85373
87774152216.27449,-113988741481.8326
-177555723.28015774,161413719.4770259
16112707407.164728,106385762066.18486
-70233540086.25064,-133199706616.15068
24462261027.7705,224851626905.9113
-759792276442.2874,-168692125495.53607
89832458981.10826,-112383465693.17274
-178959668.39251053,161337673.4546801
13095016780.49885,106773776784.4115
-67968371877.10203,-134381180712.19449
22375289532.93076,225075179177.9714
-759545958133.4922,-169793400491.31094
91860962844.26006,-110740926502.64264
-180355661.40672958,161251073.59052485
10066719892.503147,107076590758.39986
-65683548489.55307,-135523662816.64752
20286382833.597282,225279431043.8079
-759298042409.7906,-170894318028.3637
93858997226.29042,-109061674428.99178
-181743518.4611092,161154079.27041018
7030228742.617198,107293889570.78006
-63379737495.00566,-136626831993.8655
18195720178.143124,225464366187.44614
-759048529784.7876,-171994875787.6216
95825905609.11464,-107346271635.86151
-183123058.63352782,161046853.02192914
3987966034.2237415,107425427421.37657
-61057611500.64694,-137690378619.89407
16103480945.367529,225629969971.14084
-758797420775.4453,-173095071450.75888
97761041729.35126,-105595291752.07878
-184494103.9915553,160929560.4614143
942363203.3496437,107471027561.84398
-58717847961.97368,-138714004454.51993
14009844628.562725,225776229436.2788
-758544715902.0839,-174194902700.20172
99663769768.62157,-103809319689.10619
-185856479.64163256,160802370.2402668
-2104141573.3185258,107430582672.65834
-56361128994.52914,-139697422710.3641
11914990819.576931,225903133304.1242
-758290415688.3806,-175294367219.1334
101533464540.77217,-101988951455.69383
-187210013.77732015,160665453.9906337
-5149105389.371435,107304055181.36722
-53988141184.89365,-140640358119.0184
9819099192.874964,226010671976.4063
-758034520661.3699,-176393462691.49927
103369511675.99272,-100134793969.77823
-188554537.72661203,160518986.27044907
-8190082636.771587,107091477521.05537
-51599575400.96966,-141542546994.22528
7722349489.597895,226098837535.75003
-757777031351.4427,-177492186802.01184
105171307801.80164,-98247464867.67288
-189889885.99831143,160363144.5078539
-11224627049.250368,106792952328.0403
-49196126601.60157,-142403737292.1029
5624921501.623192,226167623745.94937
-757517948292.347,-178590537236.1557
106938260720.87274,-96327592310.59546
-191215896.3274653,160198108.9450097
-14250293759.09386,106408652577.87273
-46778493645.5703,-143223688668.41663
3526995055.6268196,226217026052.08414
-757257272021.1868,-179688511680.19254
108669789585.67638,-94375814788.57558
-192532409.71985525,160024062.58132073
-17264641365.347355,105938821658.78163
-44347379100.00201,-144002172532.89883
1428749997.1487837,226247041580.48022
-756995003078.4219,-180786107821.1662
110365325069.90843,-92392780921.78763
-193839270.4955417,159841191.11607903
-20265234011.41442,105383773381.77147
-41903489048.230125,-144738972100.6193
-669633825.336355,226257669138.51373
-756731142007.8683,-181883323346.90756
112024309536.68147,-90379149259.35228
-195136326.33145925,159649682.89054683
-23249643469.974884,104743891926.65039
-39447532897.14937,-145433882440.40836
-2767976576.3424635,226248909214.2595
-756465689356.6973,-182980155946.03964
113646197203.4521,-88335588075.65044
-196423428.30306098,159449728.82949004
-26215451233.09726,104019631723.34319
-36980223184.099976,-146086710520.33582
-4866098449.286742,226220763975.98407
-756198645675.435,-184076603307.9824
115230454303.65894,-86262775164.19312
-197700430.9250094,159241522.38217685
-29160250605.375435,103211517267.9205
-34502275383.32014,-146697275250.2482
-6963819682.394969,226173237271.48407
-755930011517.9628,-185172663122.95776
116776559245.04596,-84161397629.09044
-198967192.19091254,159025259.46285474
-32081648797.87675,102320142872.85664
-32014407712.004147,-147265407521.36774
-9060960574.595467,226106334627.26984
-755659787441.516,-186268333081.9946
118284002764.646,-82032151674.16298
-200223573.6121031,158801138.39071935
-34977269020.6494,101346172351.1125
-29517340936.0034,-147790950242.9563
-11157341501.400171,226020063247.59494
-755387974006.6843,-187363610876.93356
119752288080.39928,-79875742389.73825
-201469440.25545922,158569359.82938808
-37844752571.50149,100290338633.72649
-27011798175.20713,-148273758376.04773
-13252782930.771164,225914432013.33224
-755114571777.4113,-188458494200.43207
121180931039.38235,-77692883537.17528
-202704660.78026527,158330126.72589126
-40681760918.7322,99153443320.6857
-24498504708.639328,-148713698964.2526
-15347105438.971012,225789451480.6965
-754839581320.9933,-189552980745.9692
122569460262.62233,-75484297331.15997
-203929107.47411132,158083644.24919343
-43485977775.46765,97936356164.94139
-21978187779.307976,-149110651161.63876
-17440129726.39527,225645133879.81418
-754563003208.08,-190647068207.85062
123917417286.47202,-73250714219.81378
-205142656.28782994,157830119.72825706
-46255111163.2303,96640014489.52632
-19451576398.84248,-149464506257.69238
-19531676633.385494,225481493113.14072
-754284838012.6735,-191740754281.21335
125224356700.52122,-70992872662.6583
-206345186.86946896,157569762.58966044
-48986895462.35133,95265422537.82796
-16919401151.954803,-149775167699.36304
-21621567156.021107,225298544753.7259
-754005086312.1279,-192834036662.03082
126489846282.01967,-68711518906.478226
-207536582.59729913,157302784.29478192
-51679093446.82041,93813650757.1687
-14382394000.759521,-150042551110.1975
-23709622461.888485,225096306043.32733
-753723748687.1492,-193926913047.11765
127713467126.78708,-66407406759.12529
-208716730.61185536,157029398.2765618
-54329498301.15697,92285835015.94388
-11841288088.987774,-150266584306.56662
-25795663905.82562,224874795890.37286
-753440825721.7942,-195019381134.1345
128894813776.58597,-64081297361.30533
-209885521.8470105,156749819.87585306
-56935935616.88133,90683175754.66866
-9296817546.129799,-150447207310.98962
-27879513045.640724,224634034867.7718
-753156318003.4706,-196111438621.59296
130033494342.93256,-61733958956.39131
-211042851.06008026,156464266.2773723
-59496265366.16337,89006937071.38663
-6749717291.540483,-150584372362.5609
-29960991657.803196,224374045210.57578
-752870226122.9362,-197203083208.86038
131129130627.32149,-59366166658.30458
-212188616.86095846,156172956.44526142
-62008383850.230286,87258445741.99533
-4200722838.542108,-150678043924.48352
-32039921753.10531,224094850813.4894
-752582550674.2985,-198294312596.16473
132181358237.83981,-56978702217.50706
-213322721.74028105,155876111.05827084
-64470225620.12446,85439090176.14665
-1650570098.5582771,-150728198688.71445
-34116125592.293076,223796477228.23123
-752293292255.0143,-199385124484.59937
133189826702.14566,-54572353785.147064
-214445072.09661788,155573952.44457448
-66879765367.41631,83550319309.4835
900004814.687222,-150734825577.72662
-36189425701.664696,223478951660.74515
-752002451465.8889,-200475516576.12796
134154199576.78725,-52147915675.401535
-215555578.26269078,155266704.51622683
-69235019782.49658,81593641433.07697
3450265780.8730683,-150697925743.39243
-38259644888.63504,223142302968.26297
-751710028911.0758,-201565486573.58917
135074154552.83746,-49706188126.05766
-216654154.53061658,154954592.70327204
-71534049378.09679,79570622961.03119
5999476868.651191,-150617512562.99387
-40326606257.26465,222786561656.21848
-751416025198.0759,-202655032180.7016
135949383557.81956,-47247977057.37704
-217740719.17617372,154637843.8875147
-73774960275.71643,77482887137.3252
8546902531.052477,-150493611632.3644
-42390133223.7517,222411759875.01318
-751120440937.7372,-203744151102.06848
136779592853.89917,-44774093829.285736
-218815194.48209083,154316686.33596212
-75955905952.67018,75332112683.06218
11091807800.694353,-150326260756.1675
-44450049531.88546,222017931416.6345
-750823276744.2535,-204832841043.18246
137564503132.31796,-42285354996.93385
-219877506.76035544,153991349.63394728
-78075088947.50813,73120032385.3968
13633458484.757315,-150115509935.31735
-46506179268.45969,221605111711.12668
-750524533235.165,-205921099710.43045
138303849604.0442,-39782582064.66839
-220927586.37354124,153662064.61794212
-80130762521.60759,70848431629.50952
16171121359.697628,-149861421351.54654
-48558346878.64457,221173337822.9149
-750224211031.3564,-207008924811.09836
138997382086.61523,-37266601238.463585
-221965367.75515178,153329063.30806988
-82121232274.78441,68519146875.09365
18704064365.6635,-149564069349.12646
-50606377181.315674,220722648446.98312
-749922310757.0571,-208096314053.3758
139644865087.14728,-34738243176.853264
-222990789.4289787,152992578.8403257
-84044857712.82733,66134064078.91554
21231556800.58216,-149223540413.74527
-52650095384.33849,220253083904.90616
-749618833039.8402,-209183265146.36096
140246077881.48706,-32198342740.409866
-224003794.027472,152652845.39851448
-85900053764.91821,63695117065.10033
23752869513.885277,-148839933148.54913
-54689327099.80709,219764686140.7364
-749313778510.6216,-210269775800.06525
140800814589.4808,-29647738739.8155
-225004328.30911982,152310098.1459144
-87685292248.96591,61204285844.88536
26267275099.84035,-148413358247.3518
-56723898359.23549,219257498716.74588
-749007147803.6598,-211355843725.41803
141308884246.33517,-27087273682.570545
-225992343.1748358,151964573.15667546
-89399103282.95041,58663594887.670044
28774048090.455616,-147943938465.01834
-58753635628.70033,218731566809.02423
-748698941556.5547,-212441466634.27142
141770110870.04517,-24517793518.38589
-226967793.68335024,151616507.34696075
-91040076640.44759,56075111345.27401
31272465147.926094,-147431808585.028
-60778365823.933426,218186937202.93277
-748389160410.2473,-213526642239.405
142184333524.8637,-21940147383.3053
-227930639.0656028,151266138.40584007
-92606863048.58267,53440943231.39575
33761805256.58849,-146877115384.22232
-62797916325.36275,217623658288.41586
-748077805009.0186,-214611368254.53043
142551406380.78793,-19355187342.604977
-228880842.73813322,150913704.72594342
-94098175426.7422,50763237558.33982
36241349914.35255,-146280017594.74335
-64812114993.100555,217041780055.1698
-747764876000.4888,-215695642394.2962
142871198769.0367,-16763768132.517801
-229818372.31546652,150559445.33388373
-95512790064.46022,48044178433.15311
38710383323.57651,-145640685863.16818
-66820790181.87718,216441354087.66974
-747450374035.6167,-216779462374.29242
143143595233.49442,-14166746900.83044
-230743199.62148938,150203599.82045692
-96849547736.98373,45285985115.37864
41168192581.35434,-144959302706.84518
-68823770755.91922,215822433560.05566
-747134299768.699,-217862825911.05536
143368495578.09546,-11564982946.401953
-231655300.69981357,149846408.27062777
-98107354757.11502,42490910038.69929
43614067869.18227,-144236062467.43756
-70820886103.77063,215185073230.87787
-746816653857.369,-218945730722.07217
143545814910.1247,-8959337457.65324
-232554655.82312235,149488111.19331047
-99285183962.02449,39661236798.80268
46047302641.97214,-143471171261.68024
-72811966153.0555,214529329437.70248
-746497436962.5964,-220028174525.7856
143675483679.40826,-6350673250.077307
-233441249.5014957,149128949.45095238
-100382075633.82643,36799278109.85312
48467193816.37912,-142664846929.35577
-74796841385.1811,213855260091.57806
-746176649748.6858,-221110155041.5986
143757447713.36987,-3739854502.820953
-234315070.48970953,148769164.1889297
-101397138352.81148,33907373732.005806
50873041958.411064,-141817318978.49518
-76775342849.9799,213162924671.36362
-745854292883.276,-222191669989.87894
143791668247.9274,-1127746494.3892436
-235176111.79350442,148408996.76476383
-102329549782.33327,30987888372.443054
53264151470.286835,-140928828527.80978
-78747302180.28915,212452384217.91904
-745530367037.3395,-223272717091.96393
143778121954.2049,1484784662.4751701
-236024370.6748187,148048688.67716745
-103178557384.4525,28043209562.451447
55639830776.51077,-139999628246.3601
-80712551606.46689,211723701328.1586
-745204872885.1809,-224353294070.16498
143716800961.0351,4096872286.685057
-236859848.65598053,147688481.49492937
-103943479065.54938,25075745513.09288
57999392509.13038,-139029982290.4679
-82670923970.84288,210976940148.9682
-744877811104.4365,-225433398647.77228
143607712873.22766,6707649395.420322
-237682551.52285385,147328616.78564757
-104623703751.22398,22087922952.05107
60342153692.14409,-138020166237.87784
-84622252742.1033,210212166370.98715
-744549182376.0732,-226513028549.0593
143450880785.5787,9316248971.404016
-238492489.32693222,146969336.04431945
-105218691889.91458,19082184944.25821
62667435925.02595,-136970467019.17494
-86566372029.60786,209429447222.25543
-744218987384.3873,-227592181499.28754
143246343292.59702,11921804230.787374
-239289676.3863747,146610880.62179944
-105727975884.77458,16060988698.924217
64974565565.33377,-135881182846.46454
-88503116597.6381,208628851461.72696
-743887226817.0037,-228670855224.71097
142994154493.92297,14523448891.587767
-240074131.28597796,146253491.65313342
-106151160453.46034,13026803365.603218
67262873910.36728,-134752623139.32129
-90432321879.57558,207810449372.64993
-743553901364.8746,-229749047452.58072
142694383995.41602,17120317442.622564
-240845876.87607783,145897409.9857803
-106487922915.5937,9982107821.938498
69531697377.84245,-133585108448.0141
-92353823992.0086,206974312755.81488
-743219011722.279,-230826755911.1496
142347116905.88705,19711545412.880997
-241604940.27037433,145542876.10773093
-106738013407.77458,6929388455.728409
71780377685.54817,-132378970374.01385
-94267459748.76659,206120514922.67133
-742882558586.8212,-231903978329.67667
141952453829.45248,22296269641.275166
-242351352.84267315,145190130.07553527
-106901255026.13007,3871136943.9514
74008262029.951,-131134551487.79126
-96173066674.88033,205249130688.314
-742544542659.4296,-232980712438.4318
141510510853.48663,24873628546.710438
-243085150.22253692,144839411.44224843
-106977543896.49678,809848031.3785868
76214703263.71388,-129852205243.91187
-98070483020.46735,204360236364.33926
-742204964644.3558,-234056955968.70016
141021419532.14993,27442762398.414413
-243806372.28983915,144490959.18530715
-106966849172.44272,-2251982688.6127396
78399060072.094,-128532295893.43599
-99959547774.54097,203453909751.57275
-741863825249.1738,-235132706652.78687
140485326865.47046,30002813586.46277
-244515063.16821393,144145011.63434812
-106869212961.44261,-5311860988.431622
80560697148.18523,-127175198393.63127
-101840100678.74185,202530230132.6692
-741521125184.7781,-236207962224.02133
139902395273.95718,32552926892.439148
-245211271.217394,143801806.39898026
-106684750179.62735,-8367296213.304373
82698985366.97,-125781298315.00563
-103711982240.99089,201589278264.58505
-741176865165.3829,-237282720416.76193
139272802568.72314,35092249760.16535
-245895049.02442962,143461580.29652312
-106413648335.63243,-11415803478.406845
84813301958.14536,-124350991745.66905
-105575033749.06232,200631136370.9253
-740831045908.5212,-238356978966.40042
138596741917.09793,37619932566.43699
-246566453.39378136,143124569.27972448
-106056167244.17287,-14454905853.596344
86903030677.6877,-122884685193.0325
-107429097284.07568,199655888134.16464
-740483668135.0431,-239430735609.36646
137874421803.70892,40135128891.69866
-247225545.3362786,142791008.36446974
-105612638670.07162,-17482136533.28155
88967561978.12039,-121382795482.85283
-109274015733.90578,198663618687.7449
-740134732569.1145,-240503988083.13205
137106065987.01163,42636995790.59174
-247872390.05693644,142461131.55749723
-105083465903.56622,-20495040989.01355
91006293177.4483,-119845749655.63257
-111109632806.50911,197654414608.04874
-739784239938.2163,-241576734126.21613
136291913451.24992,45124694062.30672
-248507056.94162372,142135171.78413302
-104469123267.81223,-23491179102.430023
93018628626.72272,-118273984860.38399
-112935793043.16605,196628363906.25116
-739432190973.1428,-242648971478.18884
135432218353.82765,47597388520.670876
-249129619.5425737,141813360.81605983
-103770155559.59378,-26468127276.237907
95003979876.2003,-116667948245.76717
-114752341831.63731,195585556020.04965
-739078586408.0004,-243720697879.67618
134527249968.07385,50054248263.90119
-249740155.56273052,141495929.199135
-102987177424.33913,-29423480520.976967
96961765840.05908,-115028096848.61194
-116559125419.23383,194526081805.27383
-738723426980.206,-244791911072.3643
133577292621.38474,52494446943.95097
-250338746.8389235,141183106.18127277
-102120872666.62343,-32354854515.367603
98891412959.63431,-113354897479.8341
-118355990925.79868,193450033527.37567
-738366713430.4863,-245862608799.004
132582645628.72597,54917163035.3778
-250925479.32386148,140875119.64040664
-101171993497.42212,-35259887638.11067
100792355365.13681,-111648826607.75677
-120142786356.60036,192357504852.80133
-738008446502.8756,-246932788803.4152
131543623221.48012,57321580103.65919
-251500443.06693992,140572196.0125484
-100141359719.45473,-38136242969.07471
102664035035.81598,-109910370238.84778
-121919360615.13591,191248590840.24542
-737648626944.715,-248002448830.49127
130460554471.62479,59706887072.88121
-252063732.19385356,140274560.2199604
-99029857852.03194,-40981610257.87664
104505901958.52957,-108140023795.88487
-123685563515.84315,190123387931.789
-737287255506.6505,-249071586626.20352
129333783211.2278,62072278492.724236
-252615444.88500676,139982435.59945863
-97838440196.8878,-43793707857.93562
106317414284.6818,-106338291993.56065
-125441245796.72078,188981993943.92212
-736924332942.6321,-250140199937.60556
128163667947.24718,64416954804.66878
-253155683.3527148,139696043.83086425
-96568123846.54318,-46570284624.15547
108098038485.49118,-104505688711.53966
-127186259131.8554,187824508058.45187
-736559860009.9115,-251208286512.83768
126950581771.62424,66740122607.34338
-253684553.81718904,139415604.86562186
-95219989636.80698,-49309121772.46945
109847249505.54941,-102642736864.98053
-128920456143.8544,186651030813.29733
-736193837469.0413,-252275844101.1313
125694912266.65962,69040994920.93529
-254202166.4812989,139141336.85560387
-93795181045.07771,-52008034699.5615
111564530914.63171,-100749968272.53677
-130643690416.18375,185461664093.17206
-735826266083.8728,-253342870452.81323
124397061405.663,71318791450.58348
-254708635.50410452,138873456.08211964
-92294903036.15935,-54664874761.15965
113249375057.71959,-98827923521.85
-132355816505.40952,184256511120.15543
-735457146621.5553,-254409363319.31024
123057445448.86844,73572738848.67276
-255204078.97315326,138612176.88515002
-90720420857.35214,-57277531007.3811
114901283203.19594,-96877151832.5501
-134056689953.34242,183035676444.15387
-735086479852.5334,-255475320453.15323
121676494834.60886,75802070975.94617
-255688618.87553427,138357711.59282708
-89073058784.62224,-59843931873.69277
116519765689.17268,-94898210916.77742
-135746167299.08414,181799265933.253
-734714266550.5465,-256540739607.9817
120254654065.74387,78006029161.35222
-256162381.06768522,138110270.4511805
-87354198821.69128,-62362046826.13678
118104342067.91046,-92891666837.2427
-137424106090.9746,180547386763.96173
-734340507492.6261,-257605618538.54803
118792381591.33717,80183862460.54213
-256625495.2439458,137870061.5541717
-85565279353.92116,-64829887959.5566
119654541248.28987,-90858093862.84084
-139090364898.43927,179280147411.3496
-733965203459.0948,-258669955000.72195
117290149683.58089,82334827912.93132
-257078094.90385285,137637290.77403805
-83707793758.8978,-67245511547.64609
121169901636.29346,-88798074321.83528
-140744803323.73544,177997657639.07822
-733588355233.5646,-259733746751.49472
115748444309.96538,84458190797.23834
-257520317.31817222,137412161.69196913
-81783288975.64308,-69607019543.73056
122649971273.4573,-86712198452.63094
-142387282013.59665,176700028489.32803
-733209963602.9347,-260796991548.98358
114167765000.69525,86553224885.41339
-257952303.4936633,137194875.5291387
-79793364034.4035,-71912561031.27585
124094307973.25092,-84601064252.15326
-144017662670.77438,175387372272.6216
-732830029357.3901,-261859687152.43607
112548624711.35321,88619212694.86757
-258374198.13657212,136985631.07811522
-77739668548.98077,-74160333623.2076
125502479455.34369,-82465277321.85277
-145635808065.4759,174059802557.54446
-732448553290.3999,-262921831322.23428
110891549680.81549,90655445738.91309
-258786149.61484957,136784624.63467517
-75623901173.58122,-76348584809.20923
126874063477.71642,-80305450711.35439
-147241582046.69766,172717434160.3645
-732065536198.7152,-263983421819.89926
109197079284.42397,92661224775.32361
-259188309.91909173,136592049.93004376
-73447808026.16818,-78475613250.25192
128208647966.57555,-78122204759.77194
-148834849553.4533,171360383134.55142
-731680978882.3674,-265044456408.09528
107465765882.42209,94635860052.92308
-259580834.6222001,136408098.06358746
-71213181080.30563,-80539770019.69453
129505831144.02809,-75916166934.70898
-150415476625.8951,169988766760.19702
-731294882144.6665,-266104932850.63416
105698174663.66331,96578671556.11047
-259963882.83775926,136232957.4359842
-68921856527.48071,-82539459790.37419
130765221653.47473,-73687971668.96756
-151983330416.3286,168602703533.33762
-730907246792.199,-267164848912.47955
103894883484.60266,98488989247.22702
-260337617.17713103,136066813.6828967
-66575713111.88888,-84473141967.19023
131986438682.67851,-71438260194.9878
-153538279200.11896,167202313155.1798
-730518073634.826,-268224202359.75128
102056482703.58395,100366153306.67162
-260702203.7052641,135909849.6091752
-64176670439.65781,-86339331764.76434
133169112084.46638,-69167680377.0416
-155080192386.48865,165787716521.23074
-730127363485.6819,-269282990959.7296
100183575010.43726,102209514370.66945
-261057811.8952189,135762245.1236162
-61726687264.47474,-88136601229.83842
134312882495.02065,-66876886541.204796
-156608940529.20557,164359035710.3339
-729735117161.1711,-270341212480.85956
98276775251.40291,104018433766.59808
-261404614.58140817,135624177.1743043
-59227759751.56763,-89863580208.14813
135417401449.7172,-64566539303.13296
-158124395337.16068,162916393973.61166
-729341335480.9677,-271398864692.75516
96336710249.40074,105792283745.77443
-261742787.91155413,135495819.68456453
-56681919721.97266,-91518957255.58528
136482331496.46751,-62237305393.66676
-159626429684.83447,161459915723.31613
-728946019268.0121,-272455945366.20377
94364018619.66513,107530447713.60556
-262072511.2973642,135377343.4895524
-54091232878.99988,-93101480493.53436
137507346306.5211,-59889857482.29401
-161114917622.65158,159989726521.58878
-728549169348.5098,-273512452273.17032
92359350580.76868,109232320457.00562
-262393967.36392745,135268916.27351072
-51457797018.785095,-94609958408.3392
138492130782.68475,-57524873998.495995
-162589734387.22253,158505953069.1307
-728150786551.9291,-274568383186.80167
90323367761.05945,110897308368.9805
-262707341.8978349,135170702.50772044
-48783740226.789856,-96043260594.92374
139436381164.916,-55143038951.00715
-164050756411.47223,157008723193.78442
-727750871710.9991,-275623735881.4308
88256743000.53915,112524829670.28156
-263012823.7940277,135082863.38917512
-46071219062.08249,-97400318444.65628
140339805133.24612,-52745041745.01761
-165497861334.65417,155498165839.0284
-727349425661.7078,-276678508132.58105
86160160148.2117,114114314628.02899
-263310605.0013774,135005556.78000727
-43322416731.20198,-98680125777.60994
141202121907.99054,-50331576997.34949
-166930928012.24988,153974411052.3856
-726946449243.2993,-277732697716.9706
84034313854.93411,115665205771.2054
-263600880.46700412,134938937.1476963
-40539541253.37305,-99881739419.43222
142023062347.20206,-47903344349.638565
-168349836525.7526,152437589973.74713
-726541943298.2726,-278786302412.5164
81879909361.80397,117176958102.91936
-263883848.0793382,134883155.5060869
-37724823618.80554,-101004279723.09457
142802369041.3243,-45461048279.554115
-169754468192.33496,150887834823.61264
-726135908672.3789,-279839319998.33887
79697662284.12021,118649039309.33894
-264159708.6099327,134838359.35724807
-34880515941.77401,-102046931035.84775
143539796405.0016,-43005397910.09067
-171144705574.39963,149325278891.248
-725728346214.6195,-280891748254.7657
77488298390.95636,120080929965.19455
-264428665.65403426,134804692.6342022
-32008889610.134533,-103008942111.7612
144235110766.00195,-40537106816.96645
-172520432489.0122,147750056522.76202
-725319256777.2439,-281943584963.3363
75252553380.38799,121472123735.75049
-264690925.56992096,134782295.64455417
-29112233432.895706,-103889626470.27411
144888090451.2105,-38056892834.16452
-173881534017.2162,146162303109.1034
-724908641215.7471,-282994827906.8062
72991172650.41847,122822127575.14467
-264946697.4170163,134771305.01505047
-26192851787.419018,-104688362701.23259
145498525869.64948,-35565477857.65336
-175227896513.22885,144562155073.97876
-724496500388.8678,-284045474869.1512
70704911065.65005,124130461920.99557
-265196192.89279008,134771853.63709888
-23253062767.78132,-105404594716.9313
146066219592.4827,-33063587647.32512
-176559407613.5177,142949749861.6936
-724082835158.586,-285095523635.5714
68394532719.74946,125396660885.17593
-265439626.26845673,134784070.61327827
-20295196335.788418,-106037831951.71887
146590986429.96143,-30551951627.19065
-177875956245.75693,141325225924.91684
-723667646390.1208,-286144971992.49585
66060810693.76027,126620272440.65262
-265677214.3234834,134808081.20486927
-17321592476.08452,-106587649509.7648
147072653505.26913,-28031302683.871513
-179177432637.66302,139688722712.37054
-723250934951.928,-287193817727.5865
63704526810.31677,127800858604.29231
-265909176.2789206,134844006.78043592
-14334599356.757168,-107053688261.62119
147511060325.22318,-25502376963.430443
-180463728325.70932,138040380656.44608
-722832701715.6976,-288242058629.74243
61326471383.81668,128937995615.53313
-266135733.72956908,134891964.76548836
-11336571496.792002,-107435654890.24501
147906058847.7913,-22965913666.582832
-181734736163.7186,136380341160.74768
-722412947556.3522,-289289692489.10443
58927442966.61299,130031274110.82234
-266357110.57499775,134952068.59325704
-8329867941.68578,-107733321887.17717
148257513546.3813,-20422654842.332874
-182990350331.33328,134708746587.5651
-721991673352.0437,-290336717097.0588
56508248091.28787,131080299293.72118
-266573532.94942802,135024427.65660828
-5316850448.480282,-107946527499.6014
148565301470.86276,-17873345180.079285
-184230466342.36285,133025740245.2762
-721568879984.1517,-291383130246.2419
54069701009.07432,132084691100.57785
-266785229.15050113,135109147.2611313
-2299881681.4337378,-108075175629.03139
148829312305.28,-15318731800.236639
-185454981053.0078,131331466375.68109
-721144568337.2808,-292428929730.5442
51612623424.49402,133044084361.67096
