2
7.3e+22
5.972e+24
392454000.0,0.0
0.0,0.0
385984455.6254108,51150000.0
79081.83847036389,0.0
372996463.1397917,101436009.38590905
237843.30053503113,10561.171270703202
353565768.8660288,149968997.15998378
475358.4850602647,42550.77148713717
327902129.5442095,195855401.29962447
789063.3863484112,106891.44426112057
296354674.4760287,238220857.22970036
1174690.3488362206,214271.16916139857
259412139.99768162,276236206.4418835
1626265.200966049,374825.33987650764
217697110.08376318,309144420.97029877
2136177.656377309,597807.6472150353
171953835.93011624,336286743.211042
2695330.2038013255,891270.5535153942
123029785.13996461,357126173.4414805
3293363.644471297,1261778.188006015
71851710.91124094,371266500.10897523
3918949.615452012,1714173.726062426
19397629.066510193,378465380.9411605
4560133.134317609,2251419.489500215
-33333462.24843304,378640513.9236729
5204702.73679431,2874521.5143288476
-85352072.16550231,371868604.1591336
5840563.172820106,3582542.179568528
-135706923.84330732,358377522.74491626
6456086.309538085,4372696.054859531
-183510189.57309666,338532652.5333112
7040419.5979296835,5240516.805939098
-227958046.3151043,312818835.3126055
7583737.3377432395,6180077.867076324
-268345905.66728643,281819533.13232654
8077426.844225037,7184247.167002708
-304078218.7001888,246194799.0715208
8514208.29958369,8244956.407866542
-334673211.9065816,206659463.41308993
8888192.64386813,9353467.711125996
-359763233.2151089,163962643.52728805
9194885.80453834,10500624.08280442
-379091566.9257822,118869345.10206738
9431149.763158426,11677074.31472691
-392506629.08436394,72144592.50898564
9595131.60133265,12873466.970335579
-399954410.17452884,24540243.008077845
9686171.122361122,14080611.564033883
-401469924.29925513,-23215579.09813121
9704696.328507308,15289607.715030745
-397168284.484091,-70426643.36195587
9652114.328087518,16491944.903788146
-387235876.7302977,-116434674.53917363
9530703.449650327,17679576.56419285
-371921967.4004603,-160623661.24607486
9343510.653086675,18844972.75133347
-351530958.66688514,-202422764.40173072
9094256.862471975,19981155.693457194
-326415408.7490548,-241308159.82209378
8787251.647468356,21081722.31530691
-296969857.37097657,-276804117.4275385
8427317.747501895,22140857.430041917
-263625439.91063368,-308483581.24097776
8019725.236683906,23153340.82896708
-226845232.67180067,-335968474.7354499
7570134.625760462,24114551.014013372
-187120242.91210306,-358929918.1996984
7084547.845375679,25020467.85475184
-144965937.2652197,-377088510.15294594
6569265.810509222,25867676.028326366
-100919188.02584407,-390214793.8562565
6030851.092747263,26653370.72195357
-55535506.019776076,-398130002.2461908
5476094.095687155,27375366.738776278
-9386419.644443356,-400707149.21911025
4911981.01708714,28032111.837407075
36943149.09574977,-397872510.8059779
4345661.774281698,28622704.837380506
82857669.77506883,-389607514.81714785
3784415.9588781,29146918.71762421
127754117.5423626,-375951030.24023914
3235614.7721713944,29605228.601396088
171025592.61222994,-357002016.17392325
2706676.7815316897,29998844.136084456
212065629.37392947,-332922452.51531875
2205015.247103682,30329745.31708276
250273382.73340353,-303940429.31220496
1737974.7254624215,30600720.25113713
285059875.5178064,-270353217.4363227
1312754.7031480533,30815402.691368308
315855475.22795814,-232530079.72338337
936318.2030072167,30978306.399833716
342118735.5287902,-190914510.15461427
615283.7083721297,31094852.518634763
363346681.19271207,-146025512.49180776
355799.44288882485,31171385.1995817
379086528.1759711,-98457455.63128865
163400.10769493523,31215169.836082388
388948707.63530535,-48877981.35389893
42847.67960863226,31234367.488083486
392620901.5460398,1976594.00232964
-2040.1562057710544,31237978.67344774
389882601.3668622,53308930.36937327
31432.03285651441,31235749.84645608
380619481.68215424,104271834.68091977
144661.72759591174,31238036.850015543
364836660.786808,153983253.96596035
337586.363456641,31255621.644421443
342669734.54123604,201545131.07352352
608548.4558757225,31299481.82043415
314392362.9147671,246065807.4152192
954202.8645716759,31380516.754636463
280419207.7014483,286685232.6945464
1369480.8837565845,31509239.452997
241303203.63331965,322601798.81116015
1847623.5992578228,31695448.54098883
197726509.51448527,353099225.970341
2380292.499236877,31947899.615566827
150485011.59855473,377571675.4347884
2957758.900419552,32273998.274156135
100466877.76511636,395545217.6458212
3569166.0956374025,32679537.69455041
48626293.05253118,406693986.9489537
4202850.403075232,33168501.164220758
-4045965.4725008607,410849796.0877874
4846700.850551344,33742944.555524364
-56553131.32720477,408004602.95612013
5488533.25299498,34402966.17284045
-107922180.75826436,398305916.1021206
6116453.649590317,35146762.91435786
-157230845.14039183,382045876.6547986
6719188.495520542,35970763.7314467
-203630465.46873888,359645260.5507694
7286364.02867013,36869825.180809416
-246363786.48569813,331633943.01883763
7808723.779882125,37837470.22096866
-284777349.08789617,298629442.7691145
8278280.054155476,38866150.48189127
-318328640.14722633,261315045.22218704
8688401.327988548,39947513.68030482
-346588541.76302373,220418749.26942253
9033842.188329006,41072660.96840794
-369239863.93627685,176693956.49154422
9310725.396407954,42232382.98327483
-386072851.3481946,130902484.99422145
9516486.963901257,43417367.48081411
-396978551.0045436,83800185.7884365
9649795.080932986,44618375.156973235
-401940845.9970225,36125193.21710601
9710452.739079496,45826383.27112379
-401027834.3483131,-11411338.801502317
9699292.348865869,47032698.88354147
-394383088.1873288,-58132278.94399131
9618068.894453302,48229044.93685723
-382217187.0483389,-103399665.44556054
9469356.439137451,49407623.17105257
-364799792.04258317,-146618305.18186617
9256451.242315589,50561158.117594816
-342452420.90207475,-187238164.4786503
8983283.44371259,51682926.32400226
-315541998.8197126,-224755865.69947785
8654338.230716536,52766774.64769958
-284475195.1348789,-258715568.68040267
8274586.611662138,53807131.03042019
-249693508.25230968,-288709477.6677667
7849425.335301195,54799010.69486721
-211669027.18065965,-314378176.42922735
7384625.081076405,55738020.24101366
-170900774.21597397,-335410958.79716593
6886285.753142371,56620361.686569504
-127911516.42212865,-351546289.93256
6360797.504825106,57442838.10533772
-83244921.0455855,-362572505.0088835
5814805.967235078,58202862.167724125
-37462919.78827041,-368328826.1075934
5255180.030901521,58898468.5709736
8856862.532850735,-368706753.7386214
4688980.414451113,59528331.04871389
55123768.90181947,-363651865.083115
4123427.1383401426,60091784.35215462
100737024.47541985,-353166025.1063373
3565863.9004177004,60588851.27809153
145089078.33433738,-337309987.25946563
3023717.2273264453,61020274.45913278
187569555.68255052,-316206325.67429435
2504448.1639608126,61387552.20599857
227570009.93223247,-290042598.73394513
2015494.1853561944,61692977.178094104
264489664.82177085,-259074593.17553616
1564199.0066997476,61939676.038481936
297742327.7505326,-223629437.63527513
1157728.0767266052,62131647.51295631
326764631.68134576,-184108305.19280833
802967.8310887357,62273795.42516326
351025718.03760684,-140988348.3558991
506407.3314224505,62371952.34929347
370038400.2432415,-94823432.18666819
274001.8054660993,62432888.57160528
383371740.61228687,-46243160.71194032
111018.91080094359,62464300.18954648
390664827.9926584,4050358.50361079
21870.320920314436,62474769.56283261
