6
1.989e+30
4.867e+24
5.972e+24
6.39e+23
1.898e+27
5.683e+26
0.0,0.0
108200000000.0,0.0
149600000000.0,0.0
227000000000.0,0.0
778500000000.0,0.0
1429000000000.0,0.0
2739.684096566972,0.0
108086616198.07646,3501600000.0
149540686819.52026,2977900000.0
226974241834.33966,2417500000.0
778497810550.6307,1305400000.0
1428999346929.404,963500000.0
8219.236396979706,16.258660228837808
107859789209.5677,6999524653.498516
149422048691.7192,5954618606.413299
226922724039.659,4834725595.055445
778493431648.7946,2610796326.7948165
1428998040788.075,1926999563.2710285
16438.471490807227,65.05634563580959
107519578973.70789,10490090912.668112
149244097380.64246,8928973486.528782
226845448073.57407,7251402317.743835
778486863297.5338,3916185307.1583586
1428996081576.1821,2890498253.0836225
27396.832612059727,162.6841942137841
107066165441.53513,13969611913.83113
149006868232.48306,11899781836.258308
226742418316.49075,9667255669.14706
778478105506.0309,5221563267.853765
1428993469294.2026,3853995632.707952
41093.39013857849,325.4330485404792
106499849137.53629,17434400915.808125
148710420217.4684,14865860850.344584
226613642073.08203,12082011149.881577
778467158289.6085,6526926535.643539
1428990203942.9202,4817491265.413946
57526.84043826176,569.5822609147353
105821051591.22073,20880775287.103966
148354835962.28073,17826028194.862015
226459129573.4281,14495394291.173777
778454021669.7295,7832271437.299697
1428986285523.426,5780984714.471416
76695.50507143934,911.3883831195832
105030315634.92374,24305060537.63837
147940221772.9243,20779102481.83535
226278893973.81924,16907130685.977762
778438695673.997,9137594299.6139
1428981714037.1182,6744475543.150182
98597.33035838112,1367.0737524962642
104128305564.26736,27703594390.47102
147466707647.9579,23723903745.792747
226072951357.22092,19316946020.132607
778421180336.154,10442891449.407606
1428976489485.7021,7707963314.720196
123229.88732055173,1952.8149866602578
103115807157.85393,31072730888.717052
146934447282.01535,26659253922.061844
225841320733.40103,21724566103.556065
778401475696.0842,11748159213.542221
1428970611871.1902,8671447592.45167
150590.3720038064,2684.7313998288087
101993727552.93355,34408844532.59748
146343618059.5401,29583977326.609505
225584024038.71964,24129716901.47152
778379581799.8108,13053393918.929249
1428964081195.9019,9634927939.6152
180675.6061912592,3578.8733543563535
100763094973.97397,37708334441.321884
145694421038.66214,32496901137.218655
225301086135.58087,26532124565.664795
778355498699.4971,14358591892.540451
1428956897462.4639,10598403919.481894
213482.03851304602,4651.210561686405
99425058311.2664,40967628534.258545
144987080925.14758,35396855875.789024
224992534811.5474,28931515465.767345
778329226453.4463,15663749461.41801
1428949060673.8096,11561875095.323494
249005.74595965055,5917.620347522591
97980886546.92586,44183187725.61162
144221846036.3527,38282675891.543
224658400778.11734,31327616220.562157
778300765126.1011,16968862952.684698
1428940570833.1797,12525341030.412508
287242.43580486043,7393.875896594282
96431968025.88762,47351510126.59674
143398988255.1158,41153199844.912674
224298717669.1641,33720153729.308594
778270114788.0438,18273928693.554047
1428931427944.122,13488801288.022335
328187.44794377685,9095.634492940113
94779809569.7627,50469135248.88789
142518802973.52246,44007271191.88024
223913522039.0387,36108855203.082306
778237275515.996,19578943011.340534
1428921632010.4915,14452255431.42739
371835.75765061134,11038.42577215231
93026035431.69385,53532648202.90027
141581609026.4815,46843738668.54014
223502853360.3354,38493448196.126205
778202247392.8181,20883902233.469765
1428911183036.4497,15415703023.90323
418181.97876027256,13237.640002512424
91172386090.64902,56538683884.27842
140587748615.05283,49661456775.64847
223066754021.31967,40873660637.208466
778165030507.5096,22188802687.488663
1428900081026.4653,16379143628.726696
467220.3672769708,15708.51641240151
89220716883.90096,59483931141.77719
139537587219.47083,52459286262.92247
222605269323.0193,43249220860.98342
778125624955.2085,23493640701.07567
1428888325985.3142,17342576809.176025
518944.825412257,18466.13158178141
87172996476.76913,62365136919.557
138431513501.81186,55236094612.85058
222118447475.97784,45619857639.3512
778084030837.1908,24798412602.050945
1428875917918.079,18306002128.530987
573348.9060540595,21525.387915915202
85031305169.04182,65179110366.765854
137269939198.25879,57990756523.77123
221606339596.67093,47985300212.811905
778040248260.8706,26103114718.38659
1428862856830.1494,19269419150.073013
630425.8176673974,24901.00221982079
82797833037.85243,67922726907.149864
136053299000.92093,60722154391.97672
221068999703.58423,50345278321.810196
777994277339.7998,27407743378.21684
1428849142727.2217,20232827437.085327
690168.4296265274,28607.49439222884
80474877917.15285,70592932261.32332
134782050429.17332,63429178792.59621
220506484712.95395,52699522238.06592
777946118193.6674,28712294909.8483
1428834775615.2993,21196226552.85308
752569.2779773327,32659.17625804169
78064843214.30734,73186746414.2395
133456673690.48563,66110728959.01014
219918854434.16858,55047762795.88673
777895770948.2993,30016765641.770187
1428819755500.6926,22159616060.66347
817620.5716277855,37070.14055846081
75570235564.7218,75701267520.3361
132077671530.71715,68765713260.54639
219306171564.8321,57389731423.458435
777843235735.6583,31321151902.66453
1428804082390.0188,23122995523.805885
885314.1989633128,41854.250118063814
72993662325.82358,78133675738.785
130645569073.86143,71393049678.20644
218668501685.48822,59725160174.10889
777788512693.8431,32625450021.416443
1428787756290.2017,24086364505.57203
955641.7348828777,47025.12720816616
70337828912.11577,80481236991.25627
129160913651.23079,73991666278.16835
218005913254.0052,62053781757.54124
777731601967.0883,33929656327.12434
1428770777208.472,25049722569.256058
1028594.4482505493,52596.14312579443
67605535973.4443,82741306634.61176
127624274620.07805,76560501682.81126
217318477599.62082,64375329571.03242
777672503705.7635,35233767149.11021
1428753145152.367,26013069278.15471
1104163.30975629,58580.408007526574
64799676419.0354,84911333040.97487
126036243171.66052,79098505539.00464
216606268916.6477,66689537730.59278
777611218066.374,36537778816.92984
1428734860129.7312,26976404195.56744
1182339.0001786295,64990.76089731738
61923232290.28326,86988861077.68126
124397432128.75807,81604638983.40404
215869364257.83795,68996141102.08267
777547745211.559,37841687660.38311
1428715922148.7156,27939726884.796562
1263111.9190408434,71839.76008722377
58979271485.690704,88971535479.69954
122708475732.66508,84077875104.49376
215107843527.40735,71294875332.28192
777482085310.0918,39145490009.52423
1428696331217.7776,28903036909.14737
1346472.1936511896,79139.67374967347
55970944341.78808,90857104107.22397
120970029419.68347,86517199401.11536
214321789473.71884,73585476879.90816
777414238536.8795,40449182194.672005
1428676087345.6814,29866333831.92828
1432409.688516716,86902.47087958136
52901480074.2747,92643421081.28052
119182769587.15157,88921610237.22034
213511287681.6248,75867683046.57994
777344205072.9622,41752760546.42011
1428655190541.498,30829617216.45097
1520914.0151191098,95139.81256421065
49774183084.04205,94328449790.3554
117347393349.05138,91290119292.5842
212676426564.46832,78141232007.7205
777271985105.5125,43056221395.64738
1428633640814.605,31792886626.03051
1611974.5420400356,103863.0435982005
46592429133.14547,95910265761.24982
115464618281.24469,93621752009.21872
211817297355.74332,80405862843.39833
777197578827.8351,44359561073.52804
1428611438174.6863,32756141623.985497
1705580.4054224198,113083.18446063933
43359661396.18978,97387059387.58751
113535182156.39581,95915548033.21864
210933994100.4131,82661315569.10025
777120986439.3665,45662775911.54202
1428588582631.7324,33719381773.6382
1801720.5197531553,122810.92367045376
40079386392.9825,98757138509.64973
111559842668.64716,98170561651.7791
210026613645.88797,84907331166.43327
777042208145.674,46965862241.48524
1428565074196.0405,34682606638.31468
1900383.5889517653,133056.6105357098
36755169808.68278,100018930839.48862
109539377148.12129,100385862225.12018
209095255632.6616,87143651613.75104
776961244158.4556,48268816395.47983
1428540912878.2144,35645815781.34497
2001558.1177486614,143830.24831168554
33390632208.034645,101170986225.56952
107474582265.33125,102560534613.05518
208140022484.60608,89370019916.70088
776878094695.5391,49571634705.98449
1428516098689.1638,36609008766.06315
2105232.423335762,155141.4877817776
29989444650.615974,102211978751.51895
105366273725.58856,104693679595.94006
207161019398.92654,91586180138.68753
776792759980.8816,50874313505.80473
1428490631640.1055,37572185155.80754
2211394.647271428,166999.62127444707
26555324214.35923,103140708663.90265
103215285953.50668,106784414289.74232
206158354335.77496,93791877431.2495
776705240244.5693,52176849128.10316
1428464511742.562,38535344513.92081
2320032.767620891,179413.57712850082
23092029434.90388,103956104124.32957
101022471767.70535,108831872554.9686
205132138007.5236,95986858064.34398
776615535722.8167,53479237906.40975
1428437739008.3628,39498486403.75012
2431134.6113126604,192391.91461804064
19603355668.622124,104657222781.56903
98788702045.82903,110835205399.192
204082483867.6988,98170869456.53653
776523646657.9653,54781476174.63217
1428410313449.6433,40461610388.64729
2544687.8666907083,205942.8193474027
16093130387.417433,105243253159.77882
96514865380.0011,112793581372.9217
203009508099.5751,100343660205.09132
776429573298.4845,56083560267.06602
1428382235078.8452,41424716031.968895
2660680.096241669,220074.09912535525
12565208413.628164,105713515859.37117
94201867722.84291,114706186958.55942
201913329604.43057,102504980115.95805
776333315898.9695,57385486518.405136
1428353503908.7168,42387802897.07643
2779098.7494757385,234793.1803267288
9023467103.574394,106067464567.48691
91850632024.1949,116572226952.18945
200794069989.4636,104654580233.65149
776234874720.1415,58687251263.751884
1428324119952.3125,43350870547.33645
2899931.1759395218,250107.10474852362
5471801488.464436,106304686875.50696
89462097858.68478,118390924837.952
199651853555.372,106792212871.01973
776134250028.8468,59988850838.627426
1428294083222.9924,44313918546.120705
3023164.638338659,266022.526966382
1914119381.526825,106424904901.49998
87037221044.29576,120161523154.75171
198486807283.5951,108917631638.8971
776031442098.0562,61290281578.98199
1428263393734.4236,45276946456.80629
3148786.325747775,282545.7121961272
-1645663539.6468124,106427975715.98495
84576973252.09521,121883283855.05704
197299060823.2193,111030591475.6377
775926451206.8643,62591539821.20516
1428232051500.5789,46239953842.775764
3276783.3668850344,299682.53466387035
-5203628666.47344,106313891569.87498
82082341607.29227,123555488655.54907
196088746477.5483,113130848676.52567
775819277640.4889,63892621902.136185
1428200056535.7368,47202940267.41731
3407142.8434284297,317438.47648696625
-8755859399.332071,106082779923.96167
79554328281.80022,125177439379.38232
194855999190.3386,115218160923.05807
775709921690.2703,65193524159.074196
1428167408854.4827,48165905294.124886
3539851.803350834,335818.6270668763
-12298446084.939419,105734903279.79523
76993950078.48715,126748458289.82388
193600956531.70114,117292287312.09656
775598383653.6703,66494242929.78852
1428134108471.7075,49128848486.29833
3674897.2742508487,354827.6829937652
-15827490941.992838,105270658812.31306
74402238007.30585,128267888415.04156
192323758683.6704,119352988384.88359
775484663834.2721,67794774552.52895
1428100155402.6084,50091769407.343544
3812266.2766565327,374469.9484614333
-19339112965.96184,104690577805.06464
71780236853.50098,129735093863.81622
191024548425.44165,121400026155.91953
775368762541.7789,69095115366.03601
1428065549662.6882,51054667620.6726
3951945.8372792536,394749.33618996665
-22829452803.977005,103995324889.37299
69129004738.0994,131149460131.95815
189703471118.27747,123433164141.69627
775250680092.0137,70395261709.55122
1428030291267.7559,52017542689.70391
4093923.002195109,415669.3688522845
-26294677590.863483,103185697089.2589
66449612670.89581,132510394399.21252
188360674690.08505,125452167389.28381
775130416806.918,71695209922.82736
1427994380233.9263,52980394177.86234
4238184.849931672,437233.18099957536
-29730985737.495197,102262622674.43217
63743144096.15351,133817325816.44421
186996309619.6652,127456802504.76538
775007973014.5516,72994956346.13875
1427957816577.62,53943221648.579384
4384718.504438174,459443.5214794545
-33134611662.804173,101227159824.12172
61010694431.24642,135069705782.8978
185610528920.63412,129446837681.51744
774883349049.0917,74294497320.29147
1427920600315.564,54906024665.293274
4533511.147917679,482302.75633954164
-36501830460.96669,100080495104.97182
58253370598.47551,136267008213.33441
184203488125.02,131422042728.3305
774756545250.8315,75593829186.63368
1427882731464.7903,55868802791.44915
4684550.033500313,505812.8722080621
-39828962495.50278,98823941766.67299
55472290550.29896,137408729794.85333
182775345266.53476,133382189097.36682
774627561966.1804,76892948287.06584
1427844210042.637,56831555590.49918
4837822.497737178,529975.4801420145
-43112377912.266754,97458937859.42027
52668582788.22184,138494390233.21222
181326260863.52365,135327049911.95085
774496399547.6624,78191850964.05095
1427805036066.7478,57794282625.902725
4993315.97289521,554791.8199324348
-46348501063.57304,95987044177.699
49843385875.59717,139523532488.46664
179856397901.59296,137256399994.18881
774363058353.9153,79490533560.62483
1427765209555.0725,58756983461.12645
5151017.999033951,580262.7648553184
-49533814835.99123,94409942035.2848
46997847944.59609,140495722999.75656
178365921815.91827,139170015892.41315
774227538749.6903,80788992420.40636
1427724730525.8662,59719657659.64449
5310916.23584593,606388.8268558431
-52664864874.65654,92729430876.71057
44133126197.61061,141410551899.0738
176855000473.23447,141067675908.4481
774089841105.8508,82087223887.60768
1427683598997.69,60682304784.938614
5472998.4742431445,633170.1621526807
-55738263697.27377,90947425730.79663
41250386403.35781,142267633213.85242
175323804153.50928,142949160124.69244
773949965799.3718,83385224307.04454
1427641814989.41,61644924400.4983
5637252.647673008,660606.5772483719
-58750694691.34362,89065954512.15952
38350802387.95968,143066605058.23114
173772505531.302,144814250431.0155
773807913213.3385,84682990024.14641
1427599378520.198,62607516069.820946
5803666.843147961,688697.5353310028
-61698915988.50748,87087155176.90955
35435555521.277756,143807129812.84433
172201279656.80936,146662730551.46246
773663683736.9459,85980517384.9668
1427556289609.5317,63570079356.41199
5972229.311973914,717442.1630517358
-64579764210.28858,85013272739.01639
32505834198.786476,144488894293.00623
170610303936.6,148494386070.76517
773517277765.4977,87277802736.19348
1427512548277.194,64532613823.78502
6142928.4801635975,746839.257662133
-67390158079.90195,82846656154.06372
29562833319.27364,145111609905.1609
168999758114.03992,150309004460.65457
773368695700.4052,88574842425.15868
1427468154543.2734,65495119035.461975
6315752.958521924,776887.2944946557
-70127101895.2105,80589755077.32988
26607753758.660667,145675012791.4788
167369824249.41034,152106375105.97095
773217937949.1864,89871632799.84933
1427423108428.1633,66457594554.97325
6490691.552391403,807584.4347692442
-72787688858.3185,78245116503.31863
23641801840.239265,146178863962.48898
165720686699.72046,153886289330.56793
773065004925.4655,91168170208.91733
1427377409952.5632,67420039945.85784
6667733.2710467335,838928.5337084596
-75369104257.71367,75815381294.02461
20666188801.62485,146622949417.64438
164052532098.2167,155648540423.00677
772909897048.9711,92464451001.68968
1427331059137.4773,68382454771.6635
6846867.33672867,870917.1489433236
-77868628499.29362,73303280603.34975
17682130258.730423,147007080253.72647
162365549333.5909,157392923662.03677
772752614745.5358,93760471528.17879
1427284056004.2156,69344838595.94687
7028083.193308337,903547.5491917091
-80283639983.03989,70711632205.19193
14690845667.067768,147331092761.00446
160659929528.8894,159119236341.8583
772593158447.095,95056228139.0926
1427236400574.3928,70307190982.27364
7211370.514574182,936816.7231909195
-82611617822.5299,68043336732.80368
11693557780.685656,147594848507.0727
158935866020.12534,160827277797.1646
772431528591.6857,96351717185.84491
1427188092869.9292,71269511494.21866
7396719.212134793,970721.3888659453
-84850144404.90384,65301373837.06875
8691492109.057236,147798234408.2991
157193554334.59625,162516849427.9585
772267725623.4458,97646935020.56546
1427139132913.05,72231799695.36612
7584119.44293184,1005258.0027148034
-86996907789.3259,62488798271.36759
5685876372.231056,147941162788.8268
155433192168.90964,164187754724.14038
772101749992.6128,98941877996.11024
1427089520726.286,73194055149.30968
7773561.616358424,1040422.7693923421
-89049703942.39763,59608735910.700264
2677939954.5620165,148023571427.07996
153654979366.7184,165839799289.86386
771933602155.5226,100236542466.07164
1427039256332.4722,74156277419.6526
7965036.400979096,1076211.6514739355
-91006438809.39185,56664379712.70723
-331086642.65978384,148045423589.73398
151859117896.16904,167472790867.65524
771763282574.6085,101530924784.78864
1426988339754.7495,75118466070.0079
8158534.73084882,1112620.379380592
-92865130220.57843,53658985628.17673
-3339972349.363116,148006708053.1203
150045811827.06458,169086539362.29327
771590791718.4005,102825021307.35703
1426936771016.5635,76080620663.9985
8354047.811429081,1149644.4614471542
-94623909632.30627,50595868468.55191
-6347486075.31242,147907439112.04428
148215267307.7453,170680856864.4454
771416130061.5233,104118828389.6396
1426884550141.6646,77042740765.25735
8551567.125100292,1187279.1941154823
-96281023702.88701,47478397737.85372
-9352397258.866512,147747656576.0048
146367692541.68948,172255557674.0572
771239298084.6959,105412342388.27634
1426831677154.108,78004825937.42761
8751084.436270555,1225519.6722347687
-97834835703.6953,44309993436.31694
-12353476415.558052,147527425752.8135
144503297763.8368,173810458323.49106
771060296274.7301,106705559660.6946
1426778152078.254,78966875744.16275
8952591.796081688,1264360.7994514478
-99283826766.25563,41094121842.89897
-15349495686.172625,147246837419.62082
142622295216.6372,175345377600.41086
770879125124.5293,107998476565.11928
1426723974938.7676,79928889749.12671
9156081.546714272,1303797.2986715133
-100626596966.4261,37834291283.66422
-18339229384.006607,146906007781.36533
140724899125.828,176860136570.40887
770695785133.0875,109291089460.58304
1426669145760.619,80890867515.99406
9361546.32529427,1343823.722578456
-101861866247.1142,34534047892.873695
-21321454540.983635,146505078416.67288
138811325675.94174,178354558599.3716
770510276805.4878,110583394706.93642
1426613664569.082,81852808608.45013
9568979.067404518,1384434.4641904668
-102988475181.26804,31196971373.420204
-24294951452.310444,146044216211.24054
136881792985.54802,179828469375.58093
770322600652.9014,111875388664.85808
1426557531389.7363,82814712590.19116
9778373.010205133,1425623.7674410208
-104005385577.17711,27826670763.04629
-27258504219.35415,145523613278.75037
134936521082.23178,181281696931.54724
770132757192.586,113167067695.86491
1426500746248.4658,83776579024.92445
9989721.695167493,1467385.7377674584
-104911680928.38991,24426780212.56602
-30210901290.42462,144943486869.36694
132975731877.31131,182714071665.5711
769940746947.8853,114458428162.32227
1426443309171.4585,84738407476.36848
10203018.97042715,1509714.3526927086
-105706566710.81056,21000954782.08439
-33150935999.14756,144304079265.88202
130999649140.29872,184125426363.03006
769746570448.2264,115749466427.45407
1426385220185.2075,85700197508.25308
10418258.992761564,1552603.4723858496
-106389370529.77267,17552866260.97103
-36077407100.11602,143605657667.57855
129008498473.10608,185515596217.38727
769550228229.1199,117040178855.353
1426326479316.5103,86661948684.31956
10635436.22919912,1596046.8501877817
-106959542120.1062,14086199017.099295
-38989119301.5108,142848514061.89572
127002507284.00015,186884418850.9186
769351720832.1575,118330561810.99065
1426267086592.4683,87623660568.32088
10854545.458266364,1640038.1430888707
-107416653202.41145,10604645880.609295
-41884883794.38281,142032965083.98517
124981904761.30905,188231734335.1551
769151048805.0114,119620611660.22768
1426207042040.488,88585332724.02174
11075581.77088084,1684570.9221460316
-107760397198.93378,7111904067.195466
-44763518778.2938,141159351864.25766
122946921846.88374,189557385211.03726
768948212701.4324,120910324769.82397
1426146345688.2798,89546964715.19882
11298540.570897344,1729638.6828273346
-107990588812.59311,3611671145.6568127
-47623849983.01516,140228039864.02814
120897791209.31784,190861216508.77838
768743213081.2488,122199697507.4488
1426084997563.8584,90508556105.64084
11523417.575315729,1775234.8552728381
-108107163472.86461,107641054.18287373
-50464711185.98832,139239418699.37564
118834747216.92882,192143075767.43323
768536050510.365,123488726241.69095
1426022997695.5427,91470106459.14873
11750208.814158734,1821352.8144609863
-108110176652.32971,-3396499830.4184046
-53284944725.2542,138193901953.3429
116758025910.50406,193402813054.16943
768326725560.7599,124777407342.06885
1425960346111.9558,92431615339.53578
11978910.630028585,1867985.8902705286
-107999803057.82286,-6897076566.611946
-56083402007.56351,137091926976.6086
114667864975.8151,194640280983.2383
768115238810.4855,126065737179.04074
1425897042842.0251,93393082310.6278
12209519.677351313,1915127.3774285568
-107776335700.1864,-10390429461.473513
-58858944011.384155,135933954676.77393
112564503715.90326,195855334734.64194
767901590843.6658,127353712124.01482
1425833087914.9817,94354506936.26328
12442032.921317961,1962770.545335871
-107440184846.71713,-13872917820.06654
-61610441784.52701,134720469296.41203
110448183023.14058,197047832072.49362
767685782250.4948,128641328549.35934
1425768481360.3608,95315888780.29346
12676447.636531971,2010908.6477615074
-106991876860.44179,-17340923627.711777
-64336776936.11612,133451978180.03761
108319145351.069,198217633363.0689
767467813627.2352,129928582828.41278
1425703223208.002,96277227406.58257
