2
1.989e+33
3.285e+26
0.0,0.0
57910000000.0,0.0
0.06537619677381831,0.0
57909604160.562,1000000.0
0.19612948404964983,1.1289507405510912e-06
57908812476.27466,1999993.1644352423
0.39226164932183927,4.515887847945779e-06
57907624936.31506,2999972.657227003
0.6537753739852848,1.1289993582570074e-05
57906041524.44792,3999931.6414087196
0.9806742335370733,2.2580658609361734e-05
57904062219.02434,4999863.278751982
1.3729626978453826,3.951754379945793e-05
57901686992.98017,5999760.729392339
1.830646131485702,6.323064207212453e-05
57898915813.83402,6999617.151454852
2.353730794144429,9.48503402860707e-05
57895748643.68478,7999425.700679365
2.9422238410899175,0.00013550748118926645
57892185439.20875,8999179.530045403
3.596133323711064,0.00018633342543639784
57888226151.65644,9998871.789396673
4.315468190123526,0.00024846011368311304
57883870726.84885,10998495.625065098
5.100238285843687,0.0003230201287662355
57879119105.17339,11998044.17949432
5.950454354530489,0.00041114675797914357
57873971221.57943,12997510.590862647
6.866128038795263,0.0005139740554515446
57868427005.57333,13996887.992705349
7.847271881079717,0.0006326369046428994
57862486381.2132,14996169.513536273
8.893899324602229,0.0007682710809587886
57856149267.10311,15995348.276468717
10.00602471437262,0.0009220133144995419
57849415576.38697,16994417.3988355
11.1836632982756,0.0010950013529504971
57842285216.74197,17993369.991808165
12.42683122822308,0.0012883740246232881
57834758090.3716,18992199.160015296
13.735545561375545,0.0015032713016576095
57826834093.99826,19990898.00115983
15.109824261432754,0.00174083436339295
57818513118.855446,20989459.60563535
16.54968619999395,0.0020022056599198357
57809795050.6795,21987877.05614131
18.05515115798787,0.0022885289758201744
57800679769.70096,22986143.42729709
19.626239827172785,0.00260094949410635
57791167150.63548,23984251.785254862
21.262973811706896,0.0029406138603687675
57781257062.67433,24982195.18731119
22.965375629789303,0.0033086702471416176
57770949369.474434,25979966.681517307
24.733468715371917,0.003706268418496683
57760243929.14803,26977559.306288008
26.56727741994258,0.004134559794875083
57749140594.25187,27974966.090009116
28.466827014379763,0.004594697518166914
57737639211.77596,28972180.05064343
30.432143690879144,0.00508783651704883
57725739623.13195,29969194.19533513
32.463254564952464,0.005615133572589654
57713441664.14098,30966001.520012543
34.56018767749899,0.006177747384134225
57700745165.02118,31962595.00898922
36.722971996950015,0.006776838635475736
57687649950.37464,32958967.63456329
38.95163742148675,0.007413570061326919
57674155839.17402,33955112.356614985
41.24621478133205,0.008089106514100521
57660262644.74866,34951022.1222023
43.60673584111636,0.008804615031009589
57645970174.77024,35946689.86515471
46.03323330231843,0.0095612649014982
57631278231.23803,36942108.50566491
48.52574080578107,0.010360227735013348
57616186610.46364,37937270.94987842
51.08429293430264,0.011202677529128811
57600695103.05533,38932170.08948117
53.70892521530456,0.012089790738031932
57584803493.90186,39926798.8012848
56.39967412357547,0.013022746341384325
57568511562.15589,40921149.9468097
59.15657708409252,0.014002725913567684
57551819081.21687,41915216.371865794
61.979672474920285,0.015030913693325907
57534725818.71351,42908990.90613082
64.86899963018794,0.016108496653814964
57517231536.485725,43902466.36272622
67.82459884314517,0.01723666457307195
57499335990.56618,44895635.53779045
70.8465113692974,0.018416610104915004
57481038931.161255,45888491.210049696
73.9347794296211,0.019649528850285793
57462340102.63162,46881026.14038594
77.0894462138595,0.020936619429046482
57443239243.47226,47873233.071402214
80.3105558838996,0.022279083552243215
57423736086.292015,48865104.72698505
83.59815357723096,0.023678126094848224
57403830357.79266,49856633.81186407
86.95228541048706,0.025134955168992945
57383521778.74747,50847813.01116856
90.37299848306982,0.02665078219770454
57362810063.979225,51838634.98998102
93.86034088085795,0.028226821989158466
57341694922.33782,52829092.392887555
97.41436167999998,0.02986429281145985
57320176056.67726,53819177.84352513
101.03511095079266,0.03156441646796663
57298253163.83219,54808883.94412546
104.72263976164531,0.03332841837316748
57275925934.59388,55798203.27505561
108.47700018313121,0.035157527629127924
57253194053.68571,56787128.39435514
112.29824529212652,0.03705297710251793
57230057199.73809,57775651.837269686
116.18642917603779,0.03901600350223475
57206515045.2629,58763766.11578099
120.14160693711864,0.04104784745763468
57182567256.62732,59751463.718133226
124.1638346968767,0.043149753597387895
57158213494.02714,60738737.108355545
128.25316960057157,0.045322970628970415
57133453411.459564,61725578.725780755
132.40966982180464,0.04756875141880769
57108286656.69539,62711980.984560095
136.63339456720178,0.04988835307308436
57082712871.250656,63697936.27317393
140.9244040811898,0.05228303701923504
57056731690.35774,64683436.95393833
145.28275965086766,0.05475406908813113
57030342742.93586,65668475.36250748
149.70852361097326,0.0573027195969789
57003545651.560974,66653043.80737171
154.2017593489471,0.05993026343294438
56976340032.43516,67637134.56935121
158.76253131009352,0.0626379801375207
56948725495.35534,68620739.90108515
163.3909050028409,0.06542715399165387
56920701643.68144,69603852.02651629
168.08694700410135,0.06829907410164324
56892268074.30395,70586463.14037088
172.85072496473174,0.07125503448583294
56863424377.61082,71568565.40763372
177.6823076150965,0.07429633416211125
56834170137.45381,72550150.96301845
182.58176477073377,0.0774242772362346
56804504931.1142,73531211.91043267
187.54916733812578,0.08064017299099369
56774428329.2678,74511740.32243809
192.58458732057488,0.08394533597623903
56743939895.94941,75491728.2397055
197.68809782418631,0.08734108609978394
56713039188.51659,76471167.6704643
202.859773063959,0.09082874871920288
56681725757.612755,77450050.58994673
208.0996883699857,0.09440965473454364
56649999147.12969,78428368.93982644
213.40792019376352,0.09808514068197209
56617858894.16928,79406114.6276516
218.7845461146167,0.10185654882836843
56585304529.00466,80383279.52627206
224.2296448462324,0.10572522726689439
56552335575.040634,81359855.47326072
229.74329624331122,0.10969253001355089
56518951548.77339,82335834.27032891
235.325581308334,0.11375981710474643
56485151959.74956,83311207.68273564
240.97658219844573,0.1179284546958962
56450936310.5245,84285967.43869059
246.69638223245894,0.12219981516107295
56416304096.61993,85260105.22875075
252.48506589797734,0.12657527719373052
56381254806.48076,86233612.70521055
258.34271885864143,0.13105622590852145
56345787921.43126,87206481.48148538
264.2694279614981,0.13564405294423065
56309902915.6304,88178703.13148835
270.2652812444951,0.1403401565678472
56273599256.026505,89150269.18900016
276.3303679441026,0.14514594177979698
56236876402.31107,90121171.14703192
282.46477850306326,0.15006282042035896
56199733806.87189,91091400.45718084
288.66860457827255,0.15509221127728906
56162170914.74528,92060948.5289786
294.9419390487911,0.1602355401946749
56124187163.56762,93029806.72923224
301.28487602399093,0.16549424018304612
56085781983.526,93997966.38135745
307.69751085183714,0.17086975153076492
56046954797.30808,94965418.76470414
314.1799401273073,0.1763635219167221
56007705020.051125,95932155.1138741
320.73226170095,0.18197700652436433
55968032059.29016,96898166.61803056
327.354574687585,0.18771166815707865
55927935314.90533,97863444.4201996
334.0469794751464,0.19356897735496126
55887414179.06831,98827979.61656311
340.8095777336713,0.19955041251299746
55846468036.18793,99791763.25574322
347.642472424436,0.20565746000068064
55805096262.854805,100754786.33807807
354.5457678092415,0.21189161428309866
55763298227.785164,101717039.81488863
361.5195694598507,0.21825437804351622
55721073291.763664,102678514.5877365
368.5639842675794,0.22474726230748276
55678420807.585365,103639201.50767249
375.67912045304377,0.231371786568496
55635340119.996666,104599091.37447567
382.8650875760659,0.23812947891525113
55591830565.63535,105558174.93588299
390.12199654574005,0.24502187616050763
55547891472.96966,106516442.88680896
397.4499596306623,0.2520505239716047
55503522162.23629,107473885.86855547
404.8490904693257,0.2592169770026582
55458721945.37753,108430494.46801129
412.31950408068326,0.2665227990284723
55413490125.97726,109386259.2168413
419.86131687488216,0.2739695630801988
55367825999.195946,110341170.59066509
427.4746466641705,0.28155885158277977
55321728851.704636,111295219.0082248
435.15961267398035,0.2892922564942075
55275197961.61784,112248394.83054191
442.9163355541894,0.2971713794466383
55228232598.42535,113200688.36006281
450.7449373905639,0.3051978318893968
55180832022.92291,114152089.83979295
458.64554171638576,0.31337323523390753
55132995487.14191,115102589.45241934
466.61827352426695,0.3216992210005924
55084722234.27775,116052177.31942105
474.6632592781537,0.3301774309677732
55036011498.617226,117000843.50016771
482.7806269255241,0.3388095173226183
54986862505.46465,117948577.9910055
490.9705059097814,0.34759714281417486
54937274471.06682,118895370.72433059
499.2330271828474,0.35654198090852723
54887246602.53675,119841211.56764972
507.5683232179574,0.36564571594612466
54836778097.77622,120786090.32262756
515.9765280226618,0.37491004330132116
54785868145.39706,121729996.72412075
524.4577771520363,0.3843366695441719
54734515924.64112,122672920.43919829
533.0122077221052,0.3939273126045311
54682720605.29906,123614851.0661479
541.6399584234806,0.4036837019384979
54630481347.627716,124555778.13346826
550.3411695352208,0.41360757869725695
54577797302.26622,125495691.09884673
559.1159829389135,0.4237006958983623
54524667610.15071,126434579.34812224
567.9645421329842,0.43396481859951364
54471091402.427704,127372432.19423307
576.8869922472373,0.4444017240748751
54417067800.36606,128309238.87614939
585.8834800576309,0.4550132019939885
54362595915.26751,129244988.55778982
594.9541540012906,0.465801054603333
54307674848.37576,130179670.32692228
604.099164191767,0.4767670969105858
54252303690.78411,131113273.19404823
613.3186624345395,0.4879131568716379
54196481523.34157,132045786.09127034
622.6128022427717,0.49924107558042213
54140207416.55748,132977197.87114318
631.9817388533227,0.5107527074616103
54083480430.504555,133907497.3055064
641.425629243018,0.5224499204662382
54026299614.720375,134836673.08430028
650.9446321451865,0.5343345962703195
53968664008.10725,135764713.81436324
660.5389080664654,0.5464086304765096
53910572638.83046,136691608.01821068
670.2086193038804,0.5586739328188811
53852024524.21488,137617344.1327952
679.9539299622039,0.5711324273708785
53793018670.639824,138541910.5082475
689.7750059715986,0.5837860527565146
53733554073.43226,139465295.40659747
699.6720151055492,0.5966367623648783
53673629716.7582,140387487.0004756
709.645126999089,0.6096865245680221
53613244573.51238,141308473.37179354
719.6945131673259,0.6229373229423002
53552397605.20607,142228242.51040408
729.8203470242738,0.6363911564932293
53491087761.85304,143146782.31273955
740.0228039019948,0.6500500398839462
53429313981.85369,144064080.58042863
750.3020610700578,0.6639160036673384
53367075191.8772,144980125.01889083
760.658297755319,0.6779910945219254
53304370306.74178,145894903.23590827
771.091695162032,0.6922773754915695
53241198229.292915,146808402.74017426
781.6024364922903,0.7067769262290984
53177557850.27957,147720610.93981826
792.1907069668126,0.7214918432439221
53113448048.228355,148631515.1409066
802.8566938460738,0.7364242401537315
53048867689.31557,149541102.54591843
813.60058645179,0.7515762479403633
52983815627.23712,150449360.25219664
824.4225761887645,0.7669500152099232
52918290703.07626,151356275.25037274
835.3228565671001,0.7825477084572595
52852291745.16908,152261834.42276558
846.3016232247862,0.7983715123348787
52785817568.96775,153166024.54175314
857.3590739506678,0.8144236299264026
52718866976.90145,154068832.2681168
868.4954087078024,0.8307062830246644
52651438758.23496,154970244.14935747
879.7108296572144,0.8472217124145449
52583531688.92483,155870246.61798313
891.0055411820529,0.8639721781606539
52515144531.47307,156768825.98976696
902.3797499121619,0.8809599598999623
52446276034.778435,157665968.4619755
913.8336647490711,0.8981873571394956
52376924933.98509,158561660.11156628
925.3674968914147,0.9156566895591981
52307089950.32871,159455886.89335382
936.9814598607873,0.9333702973200868
52236769790.97991,160348634.63814405
948.6757695280459,0.9513305413778095
52165963148.885,161239889.05083564
960.4506441400666,0.9695398038017293
52094668702.604,162129635.70848808
972.3063043469654,0.9880004880996603
52022885116.14579,163017860.0583554
984.242973229791,1.0067150195483803
51950611038.80046,163904547.41588506
996.2608763287026,1.0256858455300517
51877845104.9687,164789682.96268097
1008.3602416716388,1.0449154358746864
51804585933.988174,165673251.7444299
1020.5412998034903,1.0644062832087888
51730832129.95696,166555238.66879052
1032.8042838157853,1.0841609033103217
51656582281.55375,167435628.50324425
1045.149429376899,1.104181835470137
51581834961.85495,168314405.87290674
1057.576974762798,1.1244716428600225
51506588728.148544,169191555.2582995
1070.0871608883308,1.1450329129075167
51430842121.74464,170067060.99308044
1082.680231339075,1.1658682576776471
51354593667.78259,170940907.26173252
1095.3564324037543,1.1869803142617565
51277841875.034805,171813078.09720954
1108.1160131072365,1.2083717451735791
51200585235.70687,172683557.37853795
1120.9592252441255,1.2300452387527392
51122822225.2342,173552328.82837373
1133.8863234129583,1.2520035095758457
51044551302.07497,174419376.01051328
1146.8975650510229,1.2742492988753629
50965770907.49929,175284682.3273573
1159.9932104698078,1.2967853749664406
50886479465.374596,176148231.01732638
1173.173522891098,1.3196145336818956
50806675381.94706,177010005.15222734
1186.4387684837316,1.342739598815536
50726357045.61906,177869987.63456887
1199.7892164010314,1.3661634225740316
50645522826.72253,178728161.19482565
1213.2251388189256,1.3898888860375347
50564171077.288155,179584508.38864937
1226.7468109747738,1.4139188996292638
50482300130.81028,180439011.5940255
1240.3545112069135,1.4382564035942667
50399908302.00746,181291653.0083744
1254.0485209949427,1.462904368487588
50316993886.578575,182142414.64559564
1267.8291250007567,1.4878657956720716
50233555160.95433,182991278.33305398
1281.6966111103534,1.5131437178260332
50149590382.04417,183838225.70850533
1295.6512704764266,1.538741199461049
50065097786.978355,184683238.2169618
1309.693397561765,1.5646613374501084
49980075592.84521,185526297.1074938
1323.8232901834738,1.5909072615663926
49894521996.423355,186367383.4299678
1338.041249558039,1.6174821350329398
49808435173.90887,187206478.03171828
1352.3475803472545,1.6443891550834757
49721813280.63718,188043561.554152
1366.7425907050292,1.671631553534686
49634654450.79969,188878614.42928305
1381.2265923250977,1.6992125973702235
49546956797.15489,189711616.87619665
1395.7999004896533,1.727135589336747
49458718410.73389,190542548.89744043
1410.4628341189266,1.7554038685523008
49369937360.54021,191371390.27534077
1425.2157158217308,1.7840208111273472
49280611693.243774,192198120.56824255
1440.058871946997,1.8129898307987844
49190739432.86887,193022719.1066703
1454.9926326363232,1.842314379577279
49100318580.47597,193845164.98940873
1470.0173318775612,1.871997948408264
49009347113.83724,194665437.0795006
1485.133307559466,1.9020440678469577
48917822987.10571,195483514.00015944
1500.3409015274328,1.9324563087477682
48825744130.477745,196299374.13059562
1515.6404596403513,1.9632382829684683
48733108449.84884,197112995.6017525
1531.032331828598,1.9943936440895254
48639913826.46247,197924356.29195103
1546.5168721532016,2.025926088148993
48546158116.55186,198733433.82244027
1562.0944388662053,2.057839354393379
48451839150.974495,199540205.55285096
1577.7653944722579,2.090137226044917
48356954734.83922,200344648.57654986
1593.5301057914628,2.1228235310856842
48261502647.12568,201146739.71589205
1609.3889440235187,2.155902143059024
48165480640.29597,201946455.51736853
1625.3422848131813,2.18937698188874
48068886439.898285,202743772.24664614
1641.3905083170816,2.2232520147165484
47971717744.16234,203538665.88349694
1657.533999271934,2.2575312567582935
47873972223.58638,204331112.11661404
1673.7731470641697,2.2922187721794365
47775647520.51558,205121086.3383107
1690.108345801034,2.3273186749903605
47676741248.711555,205908563.63909933
1706.5399943831803,2.362835129962037
47577250992.9128,206693518.80214754
1723.0684965788053,2.398772353562628
47477174308.38587,207475926.29760697
1739.6942610993606,2.4351346149156083
47376508720.466896,208255760.27681223
1756.4177016768851,2.4719262367800208
47275251724.09339,209032994.5663455
1773.2392371429994,2.509151596553489
47173400783.32596,209807602.6619637
1790.1592915096055,2.5468151272986415
47070953330.85966,210579557.72238347
1807.1782940513388,2.584921318793613
46967906767.52478,211348832.56292078
1824.2966793898167,2.623474718607322
46864258461.77673,212115399.64898023
1841.5148875797354,2.662479933200242
46760005749.17476,212879231.08939022
1858.8333641968595,2.701941629051402
46655145931.84916,213640298.6295791
1876.252560427962,2.7418645338123953
46549676277.95673,214398573.64458787
1893.772933162762,2.782253437489182
46443594021.12411,215154027.13191473
1911.3949450879195,2.8231131936525093
46336896359.87863,215906629.70418608
1929.1190647831395,2.864448720677802
46229580457.066475,216656351.58164936
1946.945766819448,2.906265003015403
46121643439.25759,217403162.58448198
1964.8755318596964,2.9485670924920715
46013082396.137184,218147032.12491092
1982.9088467613606,2.9913601096446913
45903894379.88327,218887929.1991375
2001.0462046816954,3.034649245087156
45794076404.53001,219625822.37906122
2019.2881051853135,3.0784397609114507
45683625445.316315,220360679.80379632
2037.6350543542574,3.122736992123979
45572538438.019424,221092469.17097527
2056.087564900634,3.1675463481182176
45460812278.27287,221821157.72783208
2074.6461562818877,3.212873314184828
45348443820.86857,222546712.2620589
2093.3113548187875,3.2587234530603957
45235429879.042404,223269099.09242877
2112.083693816207,3.305102406516003
45121767223.74296,223988284.059177
2130.963713686777,3.3520158969868916
45007452582.8828,224704232.51413408
2149.951962077498,3.399469729244524
44892482640.57185,225416909.31060156
2169.048993999401,3.447469792112383
44776854036.33239,226126278.7929633
2188.2553719603393,3.4960220602269234
44660563364.29493,226832304.7860232
2207.5716661010197,3.545132595845124
44543607172.37465,227534950.58406094
2226.998454334352,3.5948075507001525
44425981961.42762,228234178.93959624
2246.536322488236,3.6450531679067115
44307684184.3863,228929952.0518524
2266.185864451872,3.695875783917697
44188710245.3736,229622231.55490917
2285.947682325722,3.747281830533856
44069056498.794945,230310978.50553462
2305.822386575215,3.7992778369682085
43948719248.4076,230996153.37068552
2325.8105961883293,3.851870431967055
43827694746.366554,231677716.0146651
2345.9129388371575,3.9050663459894697
43705979192.246254,232355625.68592665
2366.130051043592,3.9588724134472595
43583568732.03743,233029841.00351098
2386.4625783492534,4.013295575007434
43460459457.11822,233700319.94310555
2406.911175489796,4.068342879959325
43336647403.19877,234367019.8227119
2427.476506573735,4.124021488648585
43212128549.23848,235029897.28790846
2448.159245265939,4.180338674980361
43086898816.335,235688908.29669413
2468.960074975932,4.237301828994074
42960954066.58408,236344008.10389876
2489.8796890511744,4.294918459512281
42834290101.90933,236995151.2451447
2510.918790975472,4.353196196866256
42706902662.86085,237642291.5203439
2532.078094572692,4.412142795700999
42578787427.38179,238285381.97671437
2553.358324215956,4.471766137862492
42449940009.541756,238924374.8912982
2574.7602150424973,4.5320742353701835
42320355958.23585,239559221.75296396
2596.2845131743657,4.593075233477749
42190030755.84837,240189873.2438743
2617.931975945186,4.654777413825356
42058959816.879845,240816279.22039977
2639.70337213317,4.717189197686775
41927138486.536156,241438388.69345802
2661.599482200598,4.7803191493148205
41794562039.27858,242056149.80825806
2683.6210985399894,4.844175979388787
41661225677.33322,242669509.82342663
2705.7690257272034,4.908768548567658
41527124529.158585,243278415.0894943
2728.0440807817004,4.974105871153081
41392253647.86971,243882811.0267168
2750.4470934342226,5.040197118866244
41256608009.617455,244482642.10220698
2772.9789064021556,5.107051624742996
41120182511.9212,245077851.80635047
2795.6403756728423,5.174678887151736
40982971971.95348,245668382.62847838
2818.4323707951357,5.24308857393881
40844971124.774666,246254176.0317676
2841.3557751794897,5.312290526706358
40706174621.515976,246835172.42733943
2864.4114864068943,5.382294765227804
40566577027.50895,247411311.14752465
2887.6004165469844,5.453111492006394
40426172820.35936,247982530.4182625
2910.9234924856537,5.524751096982461
40284956387.96358,248548767.3305992
2934.3816562625348,5.5972241623953565
40142922026.4652,249109957.81124988
2957.9758654187067,5.670541467806253
40000063938.14975,249666036.59218666
2981.7070933550203,5.744713995288353
39856376229.275085,250216937.17921284
3005.576329701443,5.819752934791313
39711852907.8351,250762591.8194826
3029.5845806978414,5.895669689687051
39566487881.254166,251302931.4679221
3053.732869586649,5.972475882504434
39420274954.009605,251837885.75250724
3078.022237017869,6.050183360860727
39273207825.17948,252367382.93834996
3102.453741466906,6.128804203598056
39125280085.91271,252891349.8905431
3127.0284596657243,6.208350727133571
38976485216.8185,253409712.03571162
3151.747487047861,6.288835492032397
38826816585.27186,253922393.3222146
3176.611938207854,6.370271309812962
38676267442.6319,254429316.1789405
3201.622947375658,6.452671249994743
38524830921.3693,254930401.47263438
3226.7816689066603,6.536048647399005
38372500032.099396,255425568.4636935
3252.0892777879358,6.620417109713646
38219267660.51688,255914734.76036376
3277.5469701614065,6.7057905253338514
38065126564.22819,256397816.27126607
3303.1559638646127,6.792183071490857
37910069369.477264,256874727.15617844
3328.917498989829,6.8796092226817915
37754088567.7602,257345379.77499497
3354.8328384623014,6.9680837594142435
37597176512.324135,257809684.6347793
3380.903268638421,7.057621777279942
37439325414.54544,258267550.33482534
3407.1300999246864,7.148238696372719
37280527340.18203,258718883.50963345
3433.5146674183543,7.239950271066743
37120774205.49434,259163588.76970527
3460.058331570729,7.332772600171906
36960057773.22928,259601568.64005482
3486.76247887408,7.426722137484177
36798369648.461044,260032723.49632847
3513.628522573239,7.5218157027497226
36635701274.28258,260456951.49841928
3540.6579034029805,7.6180704930626915
36472043927.34085,260874148.52145582
3567.852090352349,7.715504094717647
36307388713.20906,261284208.08403814
3595.2125814571555,7.814134495538879
36141726561.58818,261687021.2735863
3622.7409046219427,7.913980097710086
35975048221.330154,262082476.66865927
3650.438618472778,8.01505973112931
35807344255.274414,262470460.25809354
3678.3073132423165,8.117392667315478
35638605034.88899,262850855.35680196
3706.3486116886543,8.220998633894432
35468820734.707054,263223542.51806363
3734.564170049581,8.32589782969408
35297981326.54911,263588399.44212604
3762.95567903393,8.432110940480014
35126076573.520584,263945300.88092902
3791.5248648518186,8.539659155364914
34953096023.77392,264294118.53874922
3820.273490285687,8.648564183927094
34779029004.02364,264634720.9685508
3849.203355804144,8.758848274075751
34603864612.8023,264966973.4638151
3878.316300720753,8.870534230702829
34427591713.4442,265290737.9456073
3907.61420440002,8.983645435163973
34250198926.783432,265605872.8446234
3937.0989875129744,9.09820586563375
34071674623.55157,265912232.97794336
3966.772613344895,9.214240118383211
33892006916.459667,266209669.42020005
3996.6370891578704,9.331773430031092
33711183651.948227,266498029.36885262
4026.6944676110684,9.450831700823233
33529192401.58777,266777156.00323445
4056.9468482417574,9.571441518998533
33346020453.11154,267046888.33702236
4087.3963790103226,9.693630186303594
33161654801.06078,267307061.06375062
4118.045257912726,9.81742574472251
32976082137.02157,267557504.39496762
4148.895734664083,9.942857004492781
32789288839.43116,267798043.89060515
4179.950112457263,10.069953573483287
32601260962.929993,268028500.281101
4211.210749800692,10.198745888015537
32411984227.23416,268248689.28078243
4242.680062439806,10.32926524521525
32221444005.501442,268458421.39198416
4274.360525366901,10.46154383698748
32029625312.16204,268657501.6993359
4306.254674924463,10.595614785715302
31836512790.183376,268845729.653614
4338.365111007394,10.731512181789407
31642090697.736042,269022898.84450775
4370.69449936995,10.869271123083841
31446342894.225773,269188796.76160175
4403.245574043597,11.00892775650186
31249252825.653828,269343204.54282415
4436.0211398724505,11.150519321725154
31050803509.265427,269485896.7095544
4469.024075173431,11.294084197309978
30850977517.443054,269616640.88752025
4502.2573345288,11.439661949284835
30649756960.798218,269735197.5125492
4535.723951719311,11.587293382416457
30447123470.411835,269841319.52016324
4569.427042806807,11.737020594324095
30243058179.16974,269934752.01792794
4603.369809375783,11.888887032636585
30037541702.135662,270015231.9393783
4637.555541944165,12.042937555402428
29830554115.899704,270082487.67824817
4671.987623554326,12.199218494980475
29622074936.835445,270136238.70162493
4706.669533556252,12.357777725657733
29412083098.19365,270176195.140538
4741.6048515957145,12.518664735261627
29200556925.95471,270202057.356361
4776.79726182133,12.681930701056878
28987474113.355778,270213515.4812719
4812.25055732552,12.847628570242321
28772811694.001637,270210248.9308614
4847.968644835657,13.015813145390574
28556546013.46081,270191925.8868131
4883.955549672992,13.186541175204002
28338652699.240234,270158202.7473948
4920.215420998516,13.359871450994039
28119106629.02268,270108723.5432962
4956.752537366501,13.535864909328085
27897881897.041176,270043119.31612295
4993.571312608322,13.714584741329341
27674951778.453712,269961007.4566085
5030.676302071123,13.896096509160484
27450288691.569355,269861990.9993295
5068.072209238136,14.080468270272663
27223864157.76361,269745657.8704037
5105.763892759862,14.267770710057446
26995648758.906036,269611580.0843095
5143.756373928067,14.45807728360185
26765612092.10677,269459312.8855886
5182.054844627497,14.651464367316239
26533722721.57049,269288393.83076996
5220.664675803584,14.848011421282607
26299948127.32624,269098341.8053845
5259.591426488079,15.047801163257674
26064254650.57902,268888655.9704122
5298.8408534287,15.250919755362506
25826607435.40431,268658814.63191444
5338.4189213734435,15.457457004599558
25586970366.4786,268408274.02694488
5378.331814065388,15.667506578460635
25345306002.508194,268136467.0180874
5418.585946009521,15.881166237027353
25101575504.983448,267842801.68813547
5459.187975079604,16.098538083121312
24855738561.84678,267526659.82548437
5500.144816040327,16.31972883223717
24607753305.61884,267187395.28974175
5541.463655068136,16.544850104190857
24357576225.47786,266824332.2458578
5583.151965363345,16.774018738641153
24105162072.73153,266436763.2537067
5625.2175239565095,17.007357136899703
23850463759.057846,266023947.19849738
5667.668429823828,17.244993632737074
23593432246.820107,265585107.04561904
5710.513123439666,17.487062895226714
23334016430.680378,265119427.40150368
5753.760407909514,17.733706367051045
23072163009.64377,264626051.8597728
5797.419471843993,17.98507274213282
22807816348.56103,264104080.10927767
5841.499914154319,18.241318486959578
22540918327.99714,263552564.7775869
5886.011770972294,18.502608410551122
22271408181.23625,262970507.97995043
5930.9655449239535,18.769116288693233
21999222317.03579,262356857.53969273
5976.3722370159885,19.0410255488412
21724294126.560726,261710502.84126258
6022.243381428671,19.318530023004847
21446553772.719555,261030270.271669
6068.591083549168,19.601834776985644
21165927959.88038,260314918.19962087
6115.428061625723,19.891157025576014
20882339681.66343,259563131.4341833
6162.767692477488,20.18672714478609
20595707944.1774,258773515.09595242
6210.62406175834,20.48878979387778
20305947461.68238,257944587.8233699
6259.0120193475,20.797605162013188
20012968321.21103,257074774.22452262
6307.947240527561,21.113450356730635
19716675612.148197,256162396.47020602
6357.446293714205,21.436620954328276
19416969016.14139,255205664.90666962
6407.526715625003,21.767432735665555
19113742351.969166,254202667.54569596
6458.2070949212575,22.10622363501413
18806883069.10691,253151358.2647087
6509.507165532374,22.453355934564804
18496271682.667,252049543.51948404
6561.447911083089,22.80921874323033
18181781141.113354,250894867.3355092
6614.051682098665,23.174230805737633
17863276116.60808,249684794.2995061
6667.342327972356,23.548843697013453
17540612205.9756,248416590.21808264
6721.345346056797,23.933545467968802
17213635027.984875,247087300.0432571
6776.088050704066,24.328864822546155
16882179199.846619,245693722.58129558
6831.599765650776,24.73537592305061
16546067172.361053,244232381.39741927
6887.912043854742,25.153703942323013
16205107898.852114,242699491.19853708
6945.058919777736,25.584531508536454
15859095307.647135,241090918.81132692
7003.077200227361,26.02860622306535
15507806541.089136,239402137.66308346
7062.006801290249,26.486749476374154
15150999915.475481,237628174.40332332
7121.891140704461,26.959866844472916
14788412545.32368,235763545.95538285
7182.777597361603,27.448960423723218
14419757561.18044,233802184.83170295
7244.718052680257,27.95514356100839
14044720831.71681,231737349.9456749
7307.769532605466,28.479658568530294
13662957076.553211,229561519.3521861
7371.994974324927,29.02389819074201
13274085223.95045,227266260.26975352
7437.464148969928,29.589431834114094
12877682824.045105,224842070.26467872
7504.254781346236,30.178037906636163
12473279269.1091,222278181.44201085
7572.453921242979,30.791744085496475
12060347490.556215,219562316.63302103
7642.159639798524,31.432878003240805
11638293687.795242,216680382.5009252
7713.4831513855725,32.10413181670235
11206444480.651741,213616078.58928135
7786.551500645961,32.80864556222625
10764030639.924458,210350392.6232325
7861.511012323747,33.55011637300228
10310166199.354847,206860939.22099957
7938.531789447743,34.332943991604026
9843821220.056133,203121078.8453561
8017.813682018149,35.16242833947348
9363785651.34217,199098721.56099585
8099.594366826479,36.0450436214194
8868620409.078035,194754667.38811782
8184.160540106469,36.988828200373426
8356589606.478643,190040245.69088936
8271.86384446019,38.00395547484468
7825564119.84379,184893858.63176203
8363.144263281187,39.10359896433327
7272879940.133088,179235743.25705028
8458.56581733194,40.30529833106962
6695122037.524416,172959700.51598912
8558.873627974237,41.63322786101508
6087778855.279281,165919360.0744016
8665.090609510555,43.12220906662368
5444656857.484042,157903884.82948375
8778.69410361615,44.825411406508245
4756811043.85838,148591344.63456628
8901.972826075245,46.83084509359958
4010383710.612902,137448855.7346434
9038.859479006913,49.302667565866564
3181563154.5060997,123482478.57379398
9197.356769451111,52.613241767994595
2221894628.8028736,104437632.03488182
9400.117561281404,58.00437911530759
994219697.4468534,72795403.1648497
9822.911027715018,79.50614671595535
-1565707866.4388626,-56393381.48564774
10156.444815900535,97.7929910787401
-3585186419.5621333,-166116466.53155
10472.976456053524,115.29205760077767
-5501720459.940502,-271069718.62388706
10782.291230675697,132.43554974728056
-7374557862.447359,-373870040.93558943
11087.590119594825,149.37544762863172
-9223079902.204268,-475437641.8062362
11390.321895194493,166.1830143112918
-11056058598.300892,-576204004.4601506
11691.267355079308,182.89748439036276
-12878221519.795248,-676406686.308772
11990.896318923196,199.54280779762155
-14692413328.274677,-776190699.2677909
12289.51387986019,216.13469947292947
-16500481299.975372,-875651194.0689703
12587.329576499791,232.6840376573982
-18303694148.122005,-974854036.2269865
12884.493639633283,249.19866988233758
-20102961489.286434,-1073846740.9314141
13181.117508512443,265.68444637860154
-21898958065.239704,-1172664730.1279712
13477.286165045989,282.1458467716523
-23692198423.977062,-1271335127.0283608
13773.065917526683,298.58637838743476
-25483084048.586197,-1369879167.7704957
14068.509512704672,315.0088393985495
-27271934309.800865,-1468313794.7145054
14363.659607388387,331.41549842474654
-29059007485.831036,-1566652743.8868217
14658.551194022008,347.80822055954485
-30844515448.73598,-1664907308.0454636
14953.213337445606,364.1885579455523
-32628634180.1501,-1763086885.094988
15247.670445255573,380.55781624352994
-34411511463.05428,-1861199380.543017
15541.943214592522,396.9171043148208
-36193272614.38211,-1959251508.3171341
15836.049349584595,413.2673719661855
-37974024828.991646,-2057249019.3021095
16130.004113112067,429.60943904541716
-39753860520.48675,-2155196877.5078683
16423.820756832523,445.9440181647007
-41532859924.931145,-2253099397.654763
16717.5108603737,462.27173265809733
-43311093154.591415,-2350960353.9024525
17011.084601810053,478.5931309257095
-45088621835.617004,-2448783066.7008715
17304.550975496204,494.90869800420813
-46865500426.977,-2546570472.8473973
17597.917969105005,511.2188649840414
-48641777292.38919,-2644325182.506114
17891.192708716935,527.5240167374664
-50417495578.806625,-2742049525.9994545
18184.381578645567,543.8244983087766
-52192693941.93616,-2839745592.4997168
18477.490321105717,560.1206202356121
-53967407149.708565,-2937415262.2485023
18770.52411966489,576.4126630091815
-55741666587.56,-3035060233.562443
19063.48766954761,592.7008808355234
-57515500684.11015,-3132682045.606869
19356.38523720447,608.9855048253796
-59288935271.84076,-3230282097.7098336
19649.220711056594,625.2667457138655
-61061993894.34265,-3327861665.829159
19941.997644940413,641.5447961908052
-62834698069.365234,-3425421916.662136
20234.719295478837,657.8198329068114
-64607067515.091034,-3522963919.791927
20527.38865437081,674.0920182078324
-66379120345.642426,-3620488658.18989
20820.00847640723,690.3615016411474
-68150873240.71226,-3717997037.3340707
21112.581303875035,706.6284212680481
-69922341593.32555,-3815489893.157223
21405.10948789463,722.8929048122654
-71693539639.03325,-3912967999.0002923
21697.59520714215,739.1550706682203
-73464480569.27165,-4010432071.71717
21990.040484332225,755.4150287891588
-75235176631.16225,-4107882777.0521674
22282.447200775518,771.6728814719564
-77005639215.65451,-4205320734.3918467
22574.817109274863,787.9287240527011
-78775878935.60945,-4302746520.976629
22867.15184558267,804.1826455249648
-80545905695.17178,-4400160675.644307
23159.452938608105,820.4347290908589
-82315728751.57237,-4497563702.166571
23451.721819534425,836.685052653463
-84085356770.33173,-4594956072.2305565
23743.959829983225,852.9336892579587
-85854797874.69295,-4692338228.109832
24036.16822934285,869.180707487757
-87624059689.9937,-4789710585.062857
24328.348201361627,885.4261718210204
-89393149383.58685,-4887073533.491657
24620.50086009275,901.6701429522433
-91162073700.83557,-4984427440.888925
24912.6272552659,917.9126780829226
-92930838997.63739,-5081772653.597969
25204.72837715073,934.15383118482
-94699451269.87155,-5179109498.406717
25496.805160968845,950.3936532388603
-96467916180.11275,-5276438283.994195
25788.858490903724,966.6321924523263
-98236239081.91023,-5373759302.245591
26080.889203751736,982.8694944566724
-100004425041.89409,-5471072829.449988
26372.89809225221,999.105602488001
-101772478859.93806,-5568379127.393101
26664.8859081298,1015.3405575519911
-103540405087.58046,-5665678444.35589
26956.853364878505,1031.5743985748632
-105308208044.88083,-5762971016.028623
27248.801140313237,1047.807162541774
-107075891835.86922,-5860257066.348823
27540.729878911876,1064.0388846238789
-108843460362.72673,-5957536808.270608
27832.640193968105,1080.2695982951568
-110610917338.82063,-6054810444.472044
28124.532669573124,1096.499335439974
-112378266300.70306,-6152078168.006416
28416.40786244227,1112.7281264522524
-114145510619.17104,-6249340162.902678
28708.26630360095,1128.9560003270192
-115912653509.47427,-6346596604.719759
29000.108499942664,1145.182984745028
-117679698040.74876,-6443847661.058936
29291.934935670593,1161.4091061510733
-119446647144.74527,-6541093492.038004
29583.746073633065,1177.6343898265525
-121213503623.91531,-6638334250.730632
29875.542356562128,1193.8588599567786
-122980270158.91046,-6735570083.573918
30167.324208223556,1210.0825396934883
-124746949315.54541,-6832801130.746873
30459.09203448578,1226.305451212956
-126513543551.27011,-6930027526.522281
30750.84622431452,1242.527615770077
-128280055221.19208,-7027249399.594165
31042.58715069922,1258.7490537487513
-130046486583.68576,-7124466873.38285
31334.31517151684,1274.9697847088673
-131812839805.62259,-7221680066.319442
31626.030630338,1291.189827430159
-133579116967.25208,-7318889092.111372
31917.733857180057,1307.4091999531815
-135345320066.76154,-7416094059.990494
32209.425169211252,1323.6279196176288
-137111451024.53946,-7513295074.945092
32501.10487140967,1339.8460030982003
-138877511687.1655,-7610492237.937045
32792.77325718047,1356.0634664382
-140643503831.14764,-7707685646.105264
33084.43060893456,1372.2803250810396
-142409429166.42584,-7804875392.956429
33376.07719863146,1388.4965938997982
-144175289339.6591,-7902061568.543981
33667.713288289066,1404.712287224985
-145941085937.312,-7999244259.636207
33959.33913046277,1420.9274188706297
-147706820488.55554,-8096423549.87422
34250.954968695936,1437.1420021588247
-149472494467.9947,-8193599519.920551
34542.561037943924,1453.3560499428238
-151238109298.23593,-8290772247.599012
34834.15756497346,1469.569574628802
-153003666352.30518,-8387941808.026442
35125.74476873903,1485.7825881963647
-154769166955.92688,-8485108273.73689
35417.322860737884,1501.995102217896
-156534612389.67337,-8582271714.798763
35708.89204534509,1518.2071278768194
-158300003890.9937,-8679432198.925396
36000.45252012997,1534.4186759848483
-160065342656.12958,-8776589791.579489
36292.00447615516,1550.6297569982871
-161830629841.92593,-8873744556.071817
36583.548098259394,1566.840381033451
-163595866567.54333,-8970896553.654589
36875.08356532509,1583.0505578812556
-165361053916.0781,-9068045843.60979
37166.61105053171,1599.2602970210344
-167126192936.09628,-9165192483.332834
37458.130721595786,1615.4696076336274
-168891284643.08698,-9262336528.411823
37749.64274099841,1631.6784986137918
-170656330020.83987,-9359478032.70268
38041.14726620106,1647.8869785819718
-172421330022.75177,-9456617048.400429
38332.644449850326,1664.0950558954714
-174186285573.06656,-9553753626.106823
38624.13443997242,1680.3027386590613
-175951197568.0524,-9650887814.894587
38915.617380157826,1696.5100347350588
-177716066877.1202,-9748019662.368435
39207.0934097369,1712.7169517529076
-179480894343.8867,-9845149214.72308
39498.562663946854,1728.9234971182898
-181245680787.18533,-9942276516.798409
39790.025274090585,1745.129678021797
-183010427002.0282,-10039401612.131973
40081.48136768792,1761.3355014471833
-184775133760.52167,-10136524543.00897
40372.93106861964,1777.5409741792282
-186539801812.7384,-10233645350.509844
40664.37449726472,1793.7461028112275
-188304431887.54834,-10330764074.555649
40955.81177063114,1809.9508937521362
-190069024693.41077,-10427880753.951288
41247.24300248065,1826.15535323338
-191833580919.12973,-10524995426.426765
41538.66830344784,1842.3594873153563
-193598101234.57492,-10622108128.67654
41830.08778115375,1858.5633018936387
-195362586291.3696,-10719218896.3971
42121.50154031439,1874.766802704904
-197127036723.54773,-10816327764.322844
42412.90968284444,1890.9699953325937
-198891453148.18173,-10913434766.260363
42704.3123079563,1907.172885212327
-200655836165.98233,-11010539935.121214
42995.709512254885,1923.3754776370752
-202420186361.87238,-11107643302.95325
43287.101389828196,1939.5777777621124
-204184504305.53543,-11204744900.970598
43578.488032334084,1955.7797906097535
-205948790551.94095,-11301844759.582342
43869.86952908325,1971.981521073889
-207713045641.84686,-11398942908.419985
44161.245967118746,1988.1829739243299
-209477270102.28098,-11496039376.36375
44452.61743129215,2004.3841538109675
-211241464447.00214,-11593134191.567776
44743.98400433653,2020.585065267763
-213005629176.9421,-11690227381.484262
45035.34576693645,2036.785712716571
-214769764780.6293,-11787318972.886635
45326.70279779506,2052.986100470807
-216533871734.5951,-11884408991.891735
45618.05517369846,2069.186232738966
-218297950503.76367,-11981497463.981136
45909.402969577546,2085.3861136279997
-220062001541.82605,-12078584414.021587
46200.74625856725,2101.585747146559
-221826025291.59933,-12175669866.284643
46492.08511206356,2117.785137208106
-223590022185.37155,-12272753844.465517
46783.41959977824,2133.984287633908
-225353992645.233,-12369836371.701197
47074.74978979136,2150.1832021559107
-227117937083.39465,-12466917470.587845
47366.07574860193,2166.381884419502
-228881855902.49423,-12563997163.197535
47657.397541176426,2182.5803379861695
-230645749495.8905,-12661075471.094343
47948.71523099559,2198.778566336057
-232409618247.9463,-12758152415.349825
48240.02888009941,2214.9765728704233
-234173462534.3009,-12855228016.557905
48531.33854913037,2231.1743609140103
-235937282722.1322,-12952302294.849213
48822.64429737518,2247.3719337173216
-237701079170.40897,-13049375269.904877
49113.946182804866,2263.5692944588172
-239464852230.13394,-13146446960.969824
49405.244262113476,2279.766446247029
-241228602244.57785,-13243517386.865572
49696.53859075528,2295.963392122596
-242992329549.50494,-13340586566.002567
49987.8292229807,2312.16013506023
-244756034473.39038,-13437654516.392078
50279.11621187092,2328.3566779706075
-246519717337.62982,-13534721255.657652
50570.39960937125,2344.5530237021953
-248283378456.74142,-13631786801.04617
50861.67946632332,2360.7491750430117
-250047018138.56085,-13728851169.438509
51152.95583249616,2376.9451347223257
-251810636684.42926,-13825914377.359835
51444.228756616125,2393.140905412297
-253574234389.37482,-13922976440.989521
51735.49828639588,2409.336489729558
-255337811542.28787,-14020037376.170744
52026.764468562316,2425.531890236743
-257101368426.09012,-14117097198.419727
52318.02734888352,2441.727109443965
-258864905317.89798,-14214155922.934689
52609.286972194874,2457.922149810241
-260628422489.1804,-14311213564.60447
52900.54338242418,2474.11701374487
-262391920205.91125,-14408270138.016878
53191.79662261606,2490.311703608764
-264155398728.7169,-14505325657.466759
53483.046734955446,2506.506221715739
-265918858313.0184,-14602380136.963783
53774.29376079035,2522.7005703337545
-267682299209.16946,-14699433590.239988
54065.537740653854,2538.894751686123
-269445721662.58957,-14796486030.757069
54356.77871428539,2555.0887679526713
-271209125913.89285,-14893537471.713428
54648.01672065136,2571.2826212708687
-272972512199.0128,-14990587926.051008
54939.251797965015,2587.476313736918
-274735880749.32288,-15087637406.461884
55230.4839837058,2603.669847406812
-276499231791.7534,-15184685925.394667
55521.713314638015,2619.863224297354
-278262565548.9046,-15281733495.060686
55812.939826828864,2636.0564463871488
-280025882239.15607,-15378780127.439991
56104.163555666026,2652.249515617562
-281789182076.7729,-15475825834.28715
56395.3845358746,2668.4424338936483
-283552465272.00836,-15572870627.136879
56686.60280153354,2684.635203085053
-285315732031.2036,-15669914517.309494
56977.81838609162,2700.827825026883
-287078982556.88403,-15766957515.916191
57269.03132238285,2717.0203015205534
-288842217047.85284,-15863999633.864168
57560.241642641486,2733.212634334607
-290605435699.28186,-15961040881.86159
57851.44937851653,2749.4048252055104
-292368638702.79926,-16058081270.422401
58142.65456108584,2765.5968758384247
-294131826246.575,-16155120809.871004
58433.85722086976,2781.7887879079535
-295894998515.4037,-16252159510.34678
58725.05738784442,2797.98056305887
-297658155690.7845,-16349197381.808493
59016.25509145458,2814.17220290682
-299421297950.99945,-16446234434.038548
59307.45036062613,2830.363709039008
-301184425471.18884,-16543270676.647137
59598.6432237782,2846.555083014859
-302947538423.4247,-16640306119.076262
59889.83370883495,2862.7463263666646
-304710636976.782,-16737340770.60363
60181.021843236995,2878.937440600208
-306473721297.4081,-16834374640.346453
60472.2076539525,2895.128427195373
-308236791548.58966,-16931407737.265123
60763.39116748798,2911.319287606735
-309999847890.8182,-17028440070.166794
61054.57240989878,2927.510023264134
-311762890481.8534,-17125471647.70885
61345.751406799245,2943.7006355732324
-313525919476.785,-17222502478.402298
61636.92818337264,2959.891125916059
-315288935028.0924,-17319532570.615032
61928.10276438076,2976.0814956515346
-317051937285.70325,-17416561932.575035
62219.27517417329,2992.271746115984
-318814926397.0498,-17513590572.37348
62510.44543669691,3008.4618786236356
-320577902507.12427,-17610618497.96776
62801.6135755041,3024.6518944671056
-322340865758.5322,-17707645717.184383
63092.77961376183,3040.841794917869
-324103816291.54474,-17804672237.72188
63383.943574259836,3057.0315812267186
-325866754244.1491,-17901698067.153545
63675.10547941885,3073.2212546242117
-327629679752.0982,-17998723212.93015
63966.265351298476,3089.410816321104
-329392592948.9584,-18095747682.382565
64257.42321160492,3105.600267508772
-331155493966.15625,-18192771482.724335
64548.579081698495,3121.789609359625
-332918382933.02423,-18289794621.054157
64839.73298260096,3137.9788430275057
-334681259976.84467,-18386817104.35831
65130.88493500261,3154.16796964808
-336444125222.893,-18483838939.513023
65422.03495926921,3170.3569903392176
-338206978794.47986,-18580860133.28676
65713.18307544877,3186.5459062013606
-339969820812.99176,-18677880692.342472
66004.32930327812,3202.7347183178854
-341732651397.93115,-18774900623.239788
66295.47366218931,3218.9234277554533
-343495470666.955,-18871919932.43712
66586.61617131582,3235.112035564353
-345258278735.91284,-18968938626.293743
66877.75684949874,3251.300542778833
-347021075718.88336,-19065956711.07183
67168.89571529259,3267.488950417429
-348783861728.2106,-19162974192.938396
67460.03278697119,3283.6772594832773
-350546636874.5386,-19259991077.96723
67751.16808253326,3299.8654709644275
-352309401266.84595,-19357007372.14077
68042.30161970791,3316.0535858341404
-354072155012.47876,-19454023081.351906
68333.43341596,3332.241605051184
-355834898217.1832,-19551038211.405785
68624.56348849539,3348.4295295601178
-357597630985.1372,-19648052768.021523
68915.69185426601,3364.6173602915746
-359360353418.9812,-19745066756.833908
69206.81852997484,3380.805098162532
-361123065619.8484,-19842080183.395046
69497.9435320808,3396.9927440765778
-362885767687.39404,-19939093053.17598
69789.06687680341,3413.1802989241696
-364648459719.8241,-20036105371.56825
70080.18858012748,3429.3677635828894
-366411141813.9233,-20133117143.88543
70371.30865780759,3445.5551389176885
-368173814065.0823,-20230128375.364624
70662.42712537247,3461.742425781131
-369936476567.32446,-20327139071.16793
70953.54399812936,3477.929625013627
-371699129413.3319,-20424149236.383865
71244.65929116812,3494.1167374436654
-373461772694.47076,-20521158876.028755
71535.77301936541,3510.303763888036
-375224406500.816,-20618167995.048096
71826.88519738862,3526.4907051520495
-376987030921.17566,-20715176598.317875
72117.99583969981,3542.677562029752
-378749646043.1147,-20812184690.64588
72409.10496055956,3558.8643353041343
-380512251952.9778,-20909192276.772964
72700.21257403062,3575.051025747335
-382274848735.9121,-21006199361.374264
72991.31869398161,3591.2376341208424
-384037436475.8893,-21103205949.06043
73282.42333409055,3607.4241611756865
-385800015255.727,-21200212044.3788
73573.52650784836,3623.610607652633
-387562585157.1099,-21297217651.814556
73864.62822856226,3639.796974282367
-389325146260.6105,-21394222775.79185
74155.72850935903,3655.9832617856764
-391087698645.7088,-21491227420.674904
74446.82736318836,3672.1694708736295
-392850242390.81244,-21588231590.769085
74737.92480282595,3688.355602247749
-394612777573.27563,-21685235290.32197
75029.02084087662,3704.5416566001823
-396375304269.418,-21782238523.524376
75320.11548977737,3720.7276346138674
-398137822554.5431,-21879241294.51135
75611.20876180031,3736.913536962697
-399900332502.956,-21976243607.363167
75902.30066905562,3753.0993643116753
-401662834187.9813,-22073245466.106297
76193.39122349434,3769.2851173170757
-403425327681.98016,-22170246874.714336
76484.48043691115,3785.470796626592
-405187813056.3669,-22267247837.10894
76775.5683209471,3801.6564028794874
-406950290381.6257,-22364248357.16072
77066.65488709229,3817.841936706741
-408712759727.32666,-22461248438.69012
77357.74014668839,3834.027398731189
-410475221162.1415,-22558248085.468285
77648.8241109313,3850.2127895676654
-412237674753.8588,-22655247301.21791
77939.90679087353,3866.3981098231384
-414000120569.3995,-22752246089.614063
78230.98819742672,3882.583360096843
-415762558674.8311,-22849244454.28499
78522.06834136396,3898.7685409804135
-417524989135.3827,-22946242398.81291
78813.14723332219,3914.95365305801
-419287412015.45856,-23043239926.734795
79104.22488380442,3931.1386969064447
-421049827378.65234,-23140237041.543125
79395.30130318202,3947.3236730953045
-422812235287.76056,-23237233746.68663
79686.3765016969,3963.5085821870707
-424574635804.79584,-23334230045.571022
79977.45048946362,3979.6934247372374
-426337028990.9999,-23431225941.559704
80268.52327647156,3995.8782012944266
-428099414906.8562,-23528221437.97447
80559.59487258692,4012.0629124005013
-429861793612.1026,-23625216538.09618
80850.66528755476,4028.247558590675
-431624165165.74347,-23722211245.16545
81141.73453100096,4044.432140393622
-433386529626.0616,-23819205562.383293
81432.80261243418,4060.616658331581
-435148887050.6299,-23916199492.91176
81723.86954124777,4076.801112920462
-436911237496.3231,-24013193039.874573
82014.93532672156,4092.985504669946
-438673581019.3288,-24110186206.35775
82305.99997802376,4109.169834083586
-440435917675.1585,-24207178995.4102
82597.06350421267,4125.354101658903
-442198247518.6585,-24304171410.044315
82888.12591423851,4141.5383078874875
-443960570604.02045,-24401163453.236565
83179.18721694507,4157.7224532550845
-445722886984.7916,-24498155127.928043
83470.2474210714,4173.906538241694
-447485196713.8854,-24595146437.02505
83761.3065352535,4190.090563321657
-449247499843.59076,-24692137383.399624
84052.3645680259,4206.274528963745
-451009796425.5825,-24789127969.890076
84343.42152782323,4222.458435631248
-452772086510.9307,-24886118199.30153
84634.4774229818,4238.642283782056
-454534370150.11,-24983108074.406425
84925.53226174111,4254.8260738687495
-456296647393.00885,-25080097597.945034
85216.58605224537,4271.009806338673
-458058918288.9387,-25177086772.625942
85507.63880254493,4287.193481634022
-459821182886.6428,-25274075601.12655
85798.6905205977,4303.3771001919185
-461583441234.3048,-25371064086.093536
86089.74121427063,4319.560662444489
-463345693379.5574,-25468052230.143345
86380.79089134105,4335.744168818941
-465107939369.49054,-25565040035.86263
86671.839559498,4351.927619737636
-466870179250.66,-25662027505.8087
86962.88722634359,4368.111015618164
-468632413069.095,-25759014642.50998
87253.93389939435,4384.2943568734145
-470394640870.3064,-25856001448.466427
87544.97958608241,4400.477643911647
-472156862699.2944,-25952987926.14997
87836.02429375684,4416.660877136559
-473919078600.556,-26049974078.004917
88127.06802968486,4432.844056947355
-475681288618.09283,-26146959906.448368
88418.11080105303,4449.027183738813
-477443492795.41797,-26243945413.87062
88709.15261496848,4465.210257901348
-479205691175.5636,-26340930602.635563
89000.19347846005,4481.393279821079
-480967883801.0879,-26437915475.08106
89291.23339847942,4497.576249879889
-482730070714.0819,-26534900033.51933
89582.2723819023,4513.759168455486
-484492251956.1765,-26631884280.23733
89873.31043552942,4529.94203592147
-486254427568.549,-26728868217.497124
90164.34756608776,4546.124852647384
-488016597591.9296,-26825851847.536217
90455.38378023148,4562.307618998777
-489778762066.6081,-26922835172.56794
90746.41908454307,4578.490335337261
-491540921032.4399,-27019818194.781776
91037.45348553431,4594.673002020569
-493303074528.85254,-27116800916.34372
91328.48698964728,4610.855619402605
-495065222594.8517,-27213783339.3966
91619.51960325542,4627.038187833505
-496827365269.02704,-27310765466.060402
91910.55133266443,4643.220707659685
-498589502589.5583,-27407747298.432613
92201.58218411324,4659.403179223897
-500351634594.22095,-27504728838.588524
92492.61216377497,4675.585602865277
-502113761320.392,-27601710088.581543
92783.64127775787,4691.767978919402
-503875882805.05554,-27698691050.443504
93074.66953210614,4707.950307718331
-505637999084.8081,-27795671726.184967
93365.69693280094,4724.132589590661
-507400110195.86426,-27892652117.795517
93656.72348576118,4740.314824861573
-509162216174.0618,-27989632227.244053
93947.7491968444,4756.497013852876
-510924317054.86707,-28086612056.479073
94238.77407184763,4772.6791568830595
-512686412873.37976,-28183591607.42895
94529.79811650822,4788.861254267334
-514448503664.3384,-28280570882.002228
94820.82133650462,4805.043306317676
-516210589462.1249,-28377549882.087864
95111.84373745727,4821.225313342877
-517972670300.76965,-28474528609.55552
95402.86532492927,4837.40727564858
-519734746213.95636,-28571507066.25581
95693.88610442726,4853.589193537329
-521496817235.0264,-28668485254.02056
95984.90608140214,4869.771067308604
-523258883396.9838,-28765463174.663074
96275.92526124977,4885.952897258867
-525020944732.49963,-28862440829.978367
96566.94364931181,4902.134683681601
-526783001273.9164,-28959418221.743416
96857.96125087638,4918.31642686735
-528545053053.25256,-29056395351.7174
97148.97807117878,4934.498127103757
-530307100102.20685,-29153372221.641945
97439.9941154022,4950.6797846756035
-532069142452.1623,-29250348833.241344
97731.00938867839,4966.861399864848
-533831180134.19073,-29347325188.222797
98022.02389608837,4983.042972950661
-535593213179.0567,-29444301288.276627
98313.0376426631,4999.2245042094655
-537355241617.2215,-29541277135.076508
98604.05063338407,5015.405993914967
-539117265478.84717,-29638252730.279682
98895.06287318406,5031.587442338196
-540879284793.8004,-29735228075.527176
99186.07436694762,5047.768849747536
-542641299591.6565,-29832203172.444004
99477.08511951186,5063.9502164087635
-544403309901.70294,-29929178022.639385
99768.09513566694,5080.131542585079
-546165315752.9433,-30026152627.70694
100059.10442015674,5096.3128285371395
-547927317174.1007,-30123126989.22489
100350.11297767944,5112.494074523092
-549689314193.6217,-30220101108.756275
100641.12081288808,5128.675280798607
-551451306839.6796,-30317074987.849117
100932.12793039119,5144.856447616908
-553213295140.1779,-30414048628.036636
101223.1343347533,5161.037575228803
-554975279122.7539,-30511022030.837425
101514.14003049552,5177.218663882716
-556737258814.7821,-30607995197.755642
101805.14502209611,5193.399713824718
-558499234243.3774,-30704968130.28119
102096.14931399099,5209.580725298553
-560261205435.3984,-30801940829.889893
102387.15291057427,5225.7616985456725
-562023172417.4507,-30898913298.043686
102678.1558161988,5241.942633805259
-563785135215.8898,-30995885536.19077
102969.1580351767,5258.123531314257
-565547093856.8245,-31092857545.7658
103260.1595717798,5274.304391307401
-567309048366.1199,-31189829328.19004
103551.16043024018,5290.485214017242
-569070998769.4005,-31286800884.871544
103842.16061475068,5306.665999674175
-570832945092.0532,-31383772217.205303
104133.16012946537,5322.846748506465
-572594887359.2299,-31480743326.573418
104424.1589785,5339.027460740274
-574356825595.8505,-31577714214.34525
104715.15716593248,5355.208136599687
-576118759826.6061,-31674684881.877586
105006.1546958034,5371.388776306737
-577880690075.9615,-31771655330.51479
105297.15157211642,5387.569380081427
-579642616368.1581,-31868625561.58894
105588.1477988387,5403.74994814176
-581404538727.2163,-31965595576.42
105879.14337990143,5419.93048070376
-583166457176.9386,-32062565376.31594
106170.13831920018,5436.110977981496
-584928371740.9119,-32159534962.572918
106461.13262059538,5452.291440187107
-586690282442.5103,-32256504336.47538
106752.12628791272,5468.471867530821
-588452189304.8973,-32353473499.29623
107043.11932494355,5484.652260220986
-590214092351.0292,-32450442452.296955
107334.11173544533,5500.832618464084
-591975991603.6564,-32547411196.727768
107625.10352314201,5517.012942464757
-593737887085.3268,-32644379733.827732
107916.09469172443,5533.193232425829
-595499778818.3875,-32741348064.824905
108207.0852448507,5549.373488548325
-597261666824.9877,-32838316190.936462
108498.07518614661,5565.553711031498
-599023551127.0807,-32935284113.368824
108789.06451920597,5581.7339000728425
-600785431746.4264,-33032251833.317783
109080.05324759104,5597.914055868119
-602547308704.5935,-33129219351.968636
109371.04137483287,5614.094178611374
-604309182022.9618,-33226186670.496292
109662.02890443163,5630.274268494961
-606071051722.7241,-33323153790.065403
109953.01583985703,5646.454325709556
-607832917824.8889,-33420120711.830486
110244.00218454865,5662.634350444182
-609594780350.282,-33517087436.93603
110534.98794191626,5678.814342886225
-611356639319.5488,-33614053966.51662
110825.9731153402,5694.994303221454
-613118494753.1567,-33711020301.697052
111116.95770817169,5711.17423163404
-614880346671.3967,-33807986443.592434
111407.9417237332,5727.354128306571
-616642195094.3856,-33904952393.308308
111698.92516531874,5743.533993420075
-618404040042.068,-34001918151.940758
111989.9080361942,5759.713827154034
-620165881534.218,-34098883720.57651
112280.89033959768,5775.893629686405
-621927719590.4418,-34195849100.293056
112571.87207873978,5792.073401193631
-623689554230.1788,-34292814292.15873
112862.85325680391,5808.253141850667
-625451385472.7041,-34389779297.232834
113153.83387694665,5824.432851830988
-627213213337.13,-34486744116.565735
113444.81394229797,5840.612531306611
-628975037842.408,-34583708751.19897
113735.79345596161,5856.792180448112
-630736859007.3302,-34680673202.16531
114026.7724210153,5872.971799424637
-632498676850.532,-34777637470.48893
114317.75084051107,5889.151388403921
-634260491390.4927,-34874601557.18542
114608.72871747559,5905.330947552306
-636022302645.5381,-34971565463.26194
114899.70605491038,5921.510477034751
-637784110633.8419,-35068529189.71729
115190.68285579211,5937.689977014851
-639545915373.4272,-35165492737.542015
115481.6591230729,5953.8694476548535
-641307716882.1685,-35262456107.71847
115772.63485968053,5970.048889115668
-643069515177.7927,-35359419301.22093
116063.61006851878,5986.2283015568855
-644831310277.8818,-35456382319.01569
116354.58475246765,6002.407685136789
-646593102199.8737,-35553345162.061134
116645.55891438361,6018.587040012371
-648354890961.0635,-35650307831.307816
116936.53255709988,6034.766366339348
-650116676578.6058,-35747270327.69855
117227.50568342669,6050.945664272169
-651878459069.5161,-35844232652.1685
117518.47829615147,6067.124933964035
-653640238450.6716,-35941194805.64528
117809.45039803917,6083.30417556691
-655402014738.8136,-36038156789.04899
118100.42199183247,6099.483389231535
-657163787950.5483,-36135118603.29233
118391.39308025198,6115.662575107437
-658925558102.3486,-36232080249.28067
118682.36366599653,6131.841733342951
-660687325210.5554,-36329041727.91214
118973.33375174341,6148.0208640852225
-662449089291.379,-36426003040.077675
119264.30334014854,6164.199967480228
-664210850360.9005,-36522964186.66113
119555.27243384677,6180.379043672783
-665972608435.0732,-36619925168.539345
119846.241035452,6196.558092806556
-667734363529.7241,-36716885986.582184
120137.20914755751,6212.737115024078
-669496115660.5548,-36813846641.652664
120428.17677273613,6228.916110466759
-671257864843.1432,-36910807134.60698
120719.14391354042,6245.095079274897
-673019611092.9446,-37007767466.29461
121010.11057250296,6261.274021587689
-674781354425.2931,-37104727637.558365
121301.07675213649,6277.452937543244
-676543094855.403,-37201687649.23447
121592.04245493414,6293.631827278593
-678304832398.3696,-37298647502.15261
121883.00768336965,6309.810690929702
-680066567069.171,-37395607197.13604
122173.97243989755,6325.989528631481
-681828298882.6687,-37492566735.0016
122464.93672695335,6342.168340517796
-683590027853.6094,-37589526116.55984
122755.90054695378,6358.347126721481
-685351753996.6256,-37686485342.61502
123046.86390229691,6374.525887374345
-687113477326.2374,-37783444413.96524
123337.82679536243,6390.704622607186
-688875197856.8533,-37880403331.40244
123628.78922851177,6406.883332549799
-690636915602.7711,-37977362095.71251
123919.7512040883,6423.062017330989
-692398630578.1797,-38074320707.67533
124210.71272441754,6439.240677078577
-694160342797.1594,-38171279168.064835
124501.67379180729,6455.419311919415
-695922052273.6837,-38268237477.649086
124792.63440854789,6471.59792197939
-697683759021.62,-38365195637.1903
125083.59457691234,6487.776507383439
-699445463054.7307,-38462153647.444954
125374.55429915643,6503.955068255555
-701207164386.6744,-38559111509.163795
125665.51357751903,6520.133604718799
-702968863031.0068,-38656069223.091934
125956.47241422215,6536.312116895308
-704730559001.182,-38753026789.96888
126247.4308114712,6552.490604906303
-706492252310.553,-38849984210.5286
126538.38877145507,6568.669068872101
-708253942972.373,-38946941485.4996
126829.34629634632,6584.847508912122
-710015630999.7969,-39043898615.604935
127120.30338830141,6601.025925144899
-711777316405.8811,-39140855601.562294
127411.26004946078,6617.204317688084
-713538999203.5857,-39237812444.084045
127702.21628194899,6633.382686658462
-715300679405.7747,-39334769143.8773
127993.17208787498,6649.561032171954
-717062357025.2169,-39431725701.64392
128284.12746933213,6665.739354343629
-718824032074.5876,-39528682118.080635
128575.08242839847,6681.917653287711
-720585704566.4688,-39625638393.87904
128866.03696713677,6698.095929117586
-722347374513.35,-39722594529.725685
129156.99108759474,6714.274181945813
-724109041927.6298,-39819550526.30208
129447.94479180517,6730.452411884132
-725870706821.6162,-39916506384.284775
129738.89808178606,6746.630619043468
-727632369207.5278,-40013462104.34541
130029.85095954074,6762.808803533942
-729394029097.4945,-40110417687.15076
130320.80342705807,6778.986965464881
-731155686503.5583,-40207373133.36274
130611.75548631254,6795.165104944818
-732917341437.6744,-40304328443.63853
130902.70713926443,6811.343222081509
-734678993911.7119,-40401283618.63055
131193.6583878599,6827.5213169819335
-736440643937.4543,-40498238658.98654
131484.6092340312,6843.699389752304
-738202291526.6011,-40595193565.34961
131775.55967969671,6859.877440498077
-739963936690.7676,-40692148338.35826
132066.50972676117,6876.055469323952
-741725579441.4866,-40789102978.64644
132357.4593771157,6892.233476333887
-743487219790.2086,-40886057486.84358
132648.40863263808,6908.411461631101
-745248857748.303,-40983011863.57466
132939.35749519273,6924.589425318082
-747010493327.0585,-41079966109.46022
133230.3059666309,6940.767367496595
-748772126537.6841,-41176920225.11642
133521.25404879075,6956.945288267686
-750533757391.3096,-41273874211.155075
133812.2017434976,6973.123187731691
-752295385898.9867,-41370828068.18371
134103.14905256388,6989.301065988243
-754057012071.6895,-41467781796.80557
134394.09597778937,7005.4789231362765
-755818635920.3151,-41564735397.61969
134685.04252096126,7021.656759274036
-757580257455.6846,-41661688871.22092
134975.9886838543,7037.83457449908
-759341876688.5437,-41758642218.19996
135266.93446823084,7054.012368908292
-761103493629.5634,-41855595439.14341
135557.8798758411,7070.190142597881
-762865108289.3406,-41952548534.633804
135848.82490842315,7086.367895663392
-764626720678.3989,-42049501505.24964
136139.769567703,7102.545628199709
-766388330807.1893,-42146454351.56543
136430.7138553949,7118.723340301065
-768149938686.0908,-42243407074.15172
136721.65777320115,7134.901032061042
-769911544325.4109,-42340359673.57514
137012.6013228125,7151.078703572583
-771673147735.3865,-42437312150.398445
137303.5445059081,7167.256354927996
-773434748926.1844,-42534264505.180534
137594.4873241556,7183.433986218956
-775196347907.9023,-42631216738.47649
137885.42977921138,7199.611597536517
-776957944690.5687,-42728168850.83761
138176.37187272045,7215.789188971114
-778719539284.1443,-42825120842.81146
138467.31360631678,7231.966760612566
-780481131698.522,-42922072714.9419
138758.25498162318,7248.144312550088
-782242721943.5278,-43019024467.7691
139049.19600025157,7264.321844872293
-784004310028.9218,-43115976101.82957
139340.13666380302,7280.499357667195
-785765895964.3977,-43212927617.656235
139631.0769738678,7296.67685102222
-787527479759.5846,-43309879015.77844
139922.01693202558,7312.8543250242055
-789289061424.0468,-43406830296.72197
140212.9565398454,7329.031779759409
-791050640967.2845,-43503781461.009094
140503.89579888587,7345.209215313513
-792812218398.735,-43600732509.1586
140794.8347106952,7361.386631771629
-794573793727.7722,-43697683441.68583
141085.7732768113,7377.564029218304
-796335366963.708,-43794634259.102684
141376.7114987619,7393.741407737525
-798096938115.7925,-43891584961.91769
141667.6493780646,7409.9187674127215
-799858507193.2145,-43988535550.636
141958.58691622707,7426.096108326774
-801620074205.1023,-44085486025.759445
142249.52411474695,7442.273430562017
-803381639160.5239,-44182436387.78653
142540.46097511207,7458.450734200244
-805143202068.488,-44279386637.21251
142831.3974988005,7474.628019322713
-806904762937.944,-44376336774.52937
143122.33368728065,7490.80528601015
-808666321777.7827,-44473286800.22591
143413.26954201135,7506.982534342753
-810427878596.837,-44570236714.7877
143704.2050644419,7523.1597644001995
-812189433403.8822,-44667186518.697174
143995.14025601218,7539.336976261649
-813950986207.6365,-44764136212.433624
144286.07511815274,7555.5141700057475
-815712537016.7616,-44861085796.47323
144577.0096522849,7571.69134571063
-817474085839.863,-44958035271.28909
144867.94385982075,7587.868503453931
-819235632685.491,-45054984637.35127
145158.87774216328,7604.045643312782
-820997177562.1404,-45151933895.12678
145449.81130070653,7620.222765363819
-822758720478.2515,-45248883045.07963
145740.7445368355,7636.399869683187
-824520261442.2104,-45345832087.67087
146031.67745192637,7652.576956346543
-826281800462.3497,-45442781023.35859
146322.61004734653,7668.754025429062
-828043337546.9485,-45539729852.597946
146613.54232445464,7684.931077005437
-829804872704.2332,-45636678575.84121
146904.4742846007,7701.10811114989
-831566405942.3778,-45733627193.53776
147195.40592912617,7717.2851279361685
-833327937269.5046,-45830575706.13413
147486.337259364,7733.462127437554
-835089466693.6843,-45927524114.07403
147777.26827663867,7749.639109726866
-836850994222.9365,-46024472417.798355
148068.1989822664,7765.816074876463
-838612519865.2303,-46121420617.74523
148359.129377555,7781.993022958249
-840374043628.4846,-46218368714.35001
148650.05946380415,7798.169954043675
-842135565520.5685,-46315316708.045334
148940.98924230537,7814.346868203746
-843897085549.3019,-46412264599.26111
149231.91871434206,7830.523765509023
-845658603722.4556,-46509212388.42457
149522.84788118966,7846.700646029625
-847420120047.752,-46606160075.960266
149813.77674411563,7862.877509835236
-849181634532.8654,-46703107662.29013
150104.70530437955,7879.054356995105
-850943147185.4222,-46800055147.83345
150395.6335632332,7895.231187578053
-852704658013.0018,-46897002533.00692
150686.56152192058,7911.408001652475
-854466167023.1365,-46993949818.22465
150977.48918167804,7927.584799286342
-856227674223.3118,-47090897003.89819
151268.4165437343,7943.761580547207
-857989179620.9674,-47187844090.436584
151559.34360931048,7959.938345502208
-859750683223.4972,-47284791078.246315
151850.27037962025,7976.11509421807
-861512185038.2495,-47381737967.7314
152141.1968558698,7992.291826761109
-863273685072.5276,-47478684759.293365
152432.123039258,8008.4685431972375
-865035183333.5902,-47575631453.33129
152723.0489309763,8024.645243591963
-866796679828.6517,-47672578050.24182
153013.97453220902,8040.821928010395
-868558174564.8827,-47769524550.41918
153304.89984413318,8056.998596517248
-870319667549.4098,-47866470954.2552
153595.8248679187,8073.175249176845
-872081158789.3167,-47963417262.139336
153886.74960472845,8089.351886053118
-873842648291.644,-48060363474.45869
154177.6740557182,8105.528507209612
-875604136063.3901,-48157309591.59801
154468.5982220368,8121.705112709492
-877365622111.511,-48254255613.93974
154759.52210482614,8137.88170261554
-879127106442.9205,-48351201541.86404
155050.44570522135,8154.058276990163
-880888589064.4915,-48448147375.74874
155341.36902435066,8170.234835895393
-882650069983.0552,-48545093115.96945
155632.29206333557,8186.411379392892
-884411549205.4022,-48642038762.89951
155923.2148232909,8202.587907543952
-886173026738.2825,-48738984316.91004
156214.13730532487,8218.764420409501
-887934502588.4059,-48835929778.36995
156505.059510539,8234.940918050108
-889695976762.4421,-48932875147.64595
156795.98144002838,8251.117400525978
-891457449267.0216,-49029820425.10259
157086.90309488156,8267.293867896962
-893218920108.7354,-49126765611.10225
157377.82447618066,8283.470320222556
-894980389294.1354,-49223710706.005165
157668.74558500142,8299.646757561906
-896741856829.7351,-49320655710.16945
157959.66642241328,8315.82317997381
-898503322722.0095,-49417600623.95111
158250.58698947934,8331.999587516719
-900264786977.3958,-49514545447.70407
158541.50728725648,8348.175980248743
-902026249602.293,-49611490181.78017
158832.42731679542,8364.352358227654
-903787710603.063,-49708434826.52918
159123.34707914072,8380.52872151088
-905549169986.0304,-49805379382.29886
159414.26657533084,8396.705070155522
-907310627757.4829,-49902323849.434906
159705.18580639822,8412.881404218342
-909072083923.6718,-49999268228.28103
159996.1047733693,8429.057723755779
-910833538490.8116,-50096212519.17893
160287.02347726456,8445.23402882394
-912594991465.0815,-50193156722.46834
160577.94191909858,8461.410319478606
-914356442852.6245,-50290100838.48701
160868.86009988005,8477.586595775243
-916117892659.5481,-50387044867.570755
161159.77802061194,8493.762857768992
-917879340891.9247,-50483988810.05345
161450.69568229132,8509.939105514679
-919640787555.7916,-50580932666.26706
161741.61308590963,8526.115339066813
-921402232657.1519,-50677876436.541626
162032.5302324526,8542.291558479594
-923163676201.9738,-50774820121.20531
162323.44712290037,8558.46776380691
-924925118196.1915,-50871763720.5844
162614.36375822735,8574.643955102341
-926686558645.7057,-50968707235.0033
162905.28013940254,8590.820132419163
-928447997556.3829,-51065650664.784615
163196.19626738937,8606.99629581035
-930209434934.0566,-51162594010.24906
163487.1121431458,8623.172445328573
-931970870784.5271,-51259537271.71556
163778.02776762436,8639.348581026206
-933732305113.5616,-51356480449.501236
164068.9431417722,8655.524702955328
-935493737926.8953,-51453423543.9214
164359.85826653117,8671.700811167722
-937255169230.2302,-51550366555.2896
164650.77314283772,8687.876905714882
-939016599029.2369,-51647309483.9176
164941.68777162308,8704.052986648008
-940778027329.5538,-51744252330.11544
165232.6021538133,8720.229054018018
-942539454136.7877,-51841195094.19139
165523.51629032916,8736.405107875542
-944300879456.5139,-51938137776.45201
165814.43018208636,8752.581148270927
-946062303294.2767,-52035080377.20215
166105.34382999546,8768.757175254239
-947823725655.5894,-52132022896.74495
166396.25723496193,8784.933188875268
-949585146545.9343,-52228965335.38186
166687.17039788622,8801.109189183522
-951346565970.7637,-52325907693.41267
166978.08331966383,8817.28517622824
-953107983935.4993,-52422849971.13548
167268.9960011852,8833.461150058385
-954869400445.5328,-52519792168.84677
167559.90844333594,8849.63711072265
-956630815506.2263,-52616734286.841354
167850.8206469967,8865.813058269458
-958392229122.9121,-52713676325.41244
168141.73261304334,8881.988992746967
-960153641300.8931,-52810618284.8516
168432.64434234684,8898.16491420307
-961915052045.4431,-52907560165.44882
168723.55583577347,8914.340822685395
-963676461361.8071,-53004501967.4925
169014.46709418469,8930.516718241315
-965437869255.2012,-53101443691.26944
169305.37811843728,8946.692600917939
-967199275730.8129,-53198385337.06488
169596.28890938335,8962.868470762118
-968960680793.8014,-53295326905.16251
169887.19946787035,8979.044327820451
-970722084449.2981,-53392268395.844475
170178.10979474112,8995.220172139281
-972483486702.4061,-53489209809.39137
170469.01989083394,9011.396003764703
-974244887558.2009,-53586151146.08228
170759.9297569825,9027.571822742559
-976006287021.7307,-53683092406.19478
171050.83939401607,9043.747629118443
-977767685098.0161,-53780033590.00494
171341.74880275934,9059.923422937707
-979529081792.0508,-53876974697.78732
171632.65798403262,9076.099204245453
-981290477108.8014,-53973915729.81505
171923.56693865178,9092.274973086543
-983051871053.2079,-54070856686.35973
172214.47566742834,9108.450729505601
-984813263630.1837,-54167797567.69156
172505.3841711694,9124.626473547005
-986574654844.616,-54264738374.07924
172796.2924506778,9140.802205254902
-988336044701.3655,-54361679105.79006
173087.2005067521,9156.9779246732
-990097433205.2673,-54458619763.08989
173378.10834018653,9173.153631845573
-991858820361.1307,-54555560346.24316
173669.01595177117,9189.329326815463
-993620206173.7391,-54652500855.5129
173959.92334229188,9205.505009626082
-995381590647.8508,-54749441291.16076
174250.83051253032,9221.680680320413
-997142973788.1986,-54846381653.446976
174541.73746326403,9237.856338941208
-998904355599.4904,-54943321942.630424
174832.64419526645,9254.031985530999
-1000665736086.409,-55040262158.968605
175123.5507093069,9270.207620132089
-1002427115253.613,-55137202302.71767
175414.45700615074,9286.383242786558
-1004188493105.736,-55234142374.1324
175705.3630865592,9302.558853536268
-1005949869647.3871,-55331082373.46626
175996.26895128956,9318.73445242286
-1007711244883.1517,-55428022300.97138
176287.17460109512,9334.910039487755
-1009472618817.591,-55524962156.89856
176578.08003672527,9351.08561477216
-1011233991455.242,-55621901941.49729
176868.98525892544,9367.261178317067
-1012995362800.6184,-55718841655.01577
177159.89026843724,9383.436730163252
-1014756732858.2103,-55815781297.70089
177450.79506599836,9399.612270351281
-1016518101632.4844,-55912720869.79827
